 0.00000000e+00 6.67506495e-02
 2.00200200e-03 3.15438584e-04
 4.00400400e-03 4.72331528e-04
 6.00600601e-03 1.14674798e-02
 8.00800801e-03 7.26306454e-03
 1.00100100e-02 8.98413073e-03
 1.20120120e-02 2.50873558e-03
 1.40140140e-02 5.32393677e-04
 1.60160160e-02 5.40597954e-04
 1.80180180e-02 1.54196897e-02
 2.00200200e-02 4.08399338e-02
 2.20220220e-02 2.08757632e-02
 2.40240240e-02 4.73485021e-04
 2.60260260e-02 3.99458642e-04
 2.80280280e-02 5.84502287e-04
 3.00300300e-02 4.73362494e-04
 3.20320320e-02 3.85214547e-02
 3.40340340e-02 1.21982715e-02
 3.60360360e-02 4.02633267e-04
 3.80380380e-02 1.21928343e-03
 4.00400400e-02 7.09449468e-03
 4.20420420e-02 3.67135908e-02
 4.40440440e-02 1.09173125e-02
 4.60460460e-02 6.60702735e-02
 4.80480480e-02 3.92606066e-02
 5.00500501e-02 3.22742901e-02
 5.20520521e-02 3.12735531e-02
 5.40540541e-02 4.50499050e-02
 5.60560561e-02 3.44379857e-02
 5.80580581e-02 3.08775252e-02
 6.00600601e-02 8.09789305e-02
 6.20620621e-02 4.25057197e-02
 6.40640641e-02 3.35222760e-02
 6.60660661e-02 3.93572863e-02
 6.80680681e-02 3.80121651e-02
 7.00700701e-02 3.75713860e-02
 7.20720721e-02 2.76961197e-02
 7.40740741e-02 5.00747361e-02
 7.60760761e-02 8.02200816e-02
 7.80780781e-02 2.77383938e-02
 8.00800801e-02 1.35530026e-02
 8.20820821e-02 7.25949416e-02
 8.40840841e-02 1.01118360e-01
 8.60860861e-02 4.40395828e-01
 8.80880881e-02 4.58170113e-01
 9.00900901e-02 1.62771122e-01
 9.20920921e-02 7.07926222e-02
 9.40940941e-02 9.32226577e-02
 9.60960961e-02 3.41887751e-02
 9.80980981e-02 8.54416770e-02
 1.00100100e-01 8.02595273e-02
 1.02102102e-01 8.33903129e-02
 1.04104104e-01 7.84942026e-02
 1.06106106e-01 1.32328491e-01
 1.08108108e-01 5.34752508e-02
 1.10110110e-01 4.02043808e-03
 1.12112112e-01 1.84610955e-03
 1.14114114e-01 3.93462034e-04
 1.16116116e-01 7.69693445e-04
 1.18118118e-01 4.53916521e-04
 1.20120120e-01 4.21393443e-04
 1.22122122e-01 4.58204110e-04
 1.24124124e-01 3.53521848e-04
 1.26126126e-01 2.61506651e-04
 1.28128128e-01 3.91283214e-04
 1.30130130e-01 2.98437290e-04
 1.32132132e-01 3.59704420e-04
 1.34134134e-01 4.16605851e-04
 1.36136136e-01 4.76073107e-04
 1.38138138e-01 4.39071552e-04
 1.40140140e-01 3.50162535e-04
 1.42142142e-01 4.34352902e-04
 1.44144144e-01 3.92882986e-04
 1.46146146e-01 4.12171726e-04
 1.48148148e-01 7.46475079e-04
 1.50150150e-01 4.67787834e-04
 1.52152152e-01 4.40979870e-04
 1.54154154e-01 4.18337422e-04
 1.56156156e-01 5.42304505e-04
 1.58158158e-01 4.61373759e-04
 1.60160160e-01 6.45608193e-04
 1.62162162e-01 5.84122383e-04
 1.64164164e-01 3.55628046e-04
 1.66166166e-01 4.28632230e-04
 1.68168168e-01 6.11710291e-03
 1.70170170e-01 1.91783408e-03
 1.72172172e-01 1.47373643e-02
 1.74174174e-01 1.84818908e-02
 1.76176176e-01 2.24461402e-02
 1.78178178e-01 4.21363243e-03
 1.80180180e-01 4.81310402e-03
 1.82182182e-01 4.46769023e-04
 1.84184184e-01 5.04883931e-04
 1.86186186e-01 1.07989211e-02
 1.88188188e-01 4.28624148e-04
 1.90190190e-01 5.70697575e-03
 1.92192192e-01 3.99027354e-02
 1.94194194e-01 8.19889804e-03
 1.96196196e-01 2.17664278e-02
 1.98198198e-01 5.78029262e-02
 2.00200200e-01 5.63209808e-02
 2.02202202e-01 2.94923894e-02
 2.04204204e-01 2.11492858e-02
 2.06206206e-01 4.04209573e-02
 2.08208208e-01 3.77592138e-02
 2.10210210e-01 9.22602780e-02
 2.12212212e-01 1.43122296e-01
 2.14214214e-01 3.11122734e-01
 2.16216216e-01 2.31611814e-01
 2.18218218e-01 8.78246454e-02
 2.20220220e-01 7.97432933e-02
 2.22222222e-01 9.96654230e-02
 2.24224224e-01 8.89043274e-02
 2.26226226e-01 1.21525093e-01
 2.28228228e-01 8.27656334e-02
 2.30230230e-01 7.75505141e-02
 2.32232232e-01 5.92632780e-02
 2.34234234e-01 3.87419061e-02
 2.36236236e-01 3.82546863e-02
 2.38238238e-01 4.48664377e-04
 2.40240240e-01 9.87821561e-04
 2.42242242e-01 1.00587409e-01
 2.44244244e-01 7.61305865e-02
 2.46246246e-01 5.87842707e-02
 2.48248248e-01 6.60668792e-02
 2.50250250e-01 7.87887751e-03
 2.52252252e-01 7.93773141e-02
 2.54254254e-01 4.33555789e-04
 2.56256256e-01 7.99877531e-04
 2.58258258e-01 4.50216690e-04
 2.60260260e-01 5.11898089e-04
 2.62262262e-01 1.51817331e-02
 2.64264264e-01 4.78570189e-02
 2.66266266e-01 4.52454629e-04
 2.68268268e-01 4.43457307e-04
 2.70270270e-01 5.49636045e-04
 2.72272272e-01 3.47856028e-02
 2.74274274e-01 9.16107345e-02
 2.76276276e-01 1.90878658e-02
 2.78278278e-01 7.97245763e-02
 2.80280280e-01 8.38889358e-02
 2.82282282e-01 9.09557280e-02
 2.84284284e-01 1.01758591e-01
 2.86286286e-01 8.34379751e-02
 2.88288288e-01 9.86376963e-02
 2.90290290e-01 7.57710663e-02
 2.92292292e-01 3.03478260e-02
 2.94294294e-01 4.79270741e-02
 2.96296296e-01 3.56192740e-02
 2.98298298e-01 2.63406435e-02
 3.00300300e-01 4.33423981e-02
 3.02302302e-01 2.44113612e-02
 3.04304304e-01 2.74960479e-02
 3.06306306e-01 5.02944403e-02
 3.08308308e-01 2.35052986e-02
 3.10310310e-01 4.19241773e-02
 3.12312312e-01 7.99092187e-02
 3.14314314e-01 7.86139377e-02
 3.16316316e-01 1.04331998e-01
 3.18318318e-01 4.50360880e-02
 3.20320320e-01 1.16135045e-01
 3.22322322e-01 6.93360421e-02
 3.24324324e-01 7.34794928e-02
 3.26326326e-01 3.75406526e-02
 3.28328328e-01 8.32039552e-02
 3.30330330e-01 8.49003002e-02
 3.32332332e-01 6.34999912e-02
 3.34334334e-01 6.21279411e-02
 3.36336336e-01 1.13381444e-01
 3.38338338e-01 9.08073374e-02
 3.40340340e-01 1.01287514e-01
 3.42342342e-01 3.93845094e-01
 3.44344344e-01 3.10039972e-01
 3.46346346e-01 1.90301099e-01
 3.48348348e-01 8.65914805e-02
 3.50350350e-01 8.49902364e-02
 3.52352352e-01 1.01337968e-01
 3.54354354e-01 1.47560507e-02
 3.56356356e-01 4.38653167e-02
 3.58358358e-01 4.59676955e-02
 3.60360360e-01 4.63209423e-02
 3.62362362e-01 4.51811283e-02
 3.64364364e-01 4.24366226e-04
 3.66366366e-01 4.81891737e-04
 3.68368368e-01 3.82069510e-04
 3.70370370e-01 5.65287609e-04
 3.72372372e-01 6.75451379e-02
 3.74374374e-01 6.96612966e-02
 3.76376376e-01 1.95379599e-02
 3.78378378e-01 8.55560090e-04
 3.80380380e-01 4.54358827e-04
 3.82382382e-01 9.13175317e-03
 3.84384384e-01 1.13141848e-03
 3.86386386e-01 1.49481842e-02
 3.88388388e-01 3.79597069e-04
 3.90390390e-01 3.73427996e-02
 3.92392392e-01 4.94347070e-02
 3.94394394e-01 4.11190289e-02
 3.96396396e-01 1.59191723e-03
 3.98398398e-01 1.08132860e-01
 4.00400400e-01 1.04496562e-01
 4.02402402e-01 6.19052281e-02
 4.04404404e-01 7.32083093e-02
 4.06406406e-01 1.34091813e-01
 4.08408408e-01 1.43410183e-01
 4.10410410e-01 1.06425465e-01
 4.12412412e-01 1.69686702e-01
 4.14414414e-01 3.35987399e-01
 4.16416416e-01 1.10662198e-01
 4.18418418e-01 9.38162909e-02
 4.20420420e-01 5.40212654e-02
 4.22422422e-01 5.86276276e-02
 4.24424424e-01 3.46596198e-02
 4.26426426e-01 4.29209088e-02
 4.28428428e-01 6.94778848e-02
 4.30430430e-01 3.80718826e-02
 4.32432432e-01 4.94492121e-02
 4.34434434e-01 6.50118424e-02
 4.36436436e-01 4.53080955e-02
 4.38438438e-01 2.91973463e-02
 4.40440440e-01 5.35623596e-02
 4.42442442e-01 7.31594582e-02
 4.44444444e-01 4.86063703e-02
 4.46446446e-01 7.38379901e-02
 4.48448448e-01 3.99425669e-02
 4.50450450e-01 4.60446532e-02
 4.52452452e-01 1.01634547e-01
 4.54454454e-01 1.54318729e-01
 4.56456456e-01 4.92172774e-02
 4.58458458e-01 5.78065796e-02
 4.60460460e-01 6.01568122e-02
 4.62462462e-01 1.22160865e-01
 4.64464464e-01 1.12031507e-01
 4.66466466e-01 1.28381893e-01
 4.68468468e-01 1.23540236e-01
 4.70470470e-01 1.75999854e-01
 4.72472472e-01 4.39473195e-01
 4.74474474e-01 1.60596568e-01
 4.76476476e-01 8.70355671e-02
 4.78478478e-01 1.22835219e-01
 4.80480480e-01 1.35614541e-01
 4.82482482e-01 1.54299238e-01
 4.84484484e-01 6.55918758e-02
 4.86486486e-01 1.08380968e-01
 4.88488488e-01 8.01217004e-02
 4.90490490e-01 6.59431311e-02
 4.92492492e-01 4.35045674e-02
 4.94494494e-01 3.17804715e-02
 4.96496496e-01 1.67518986e-02
 4.98498498e-01 2.06306428e-02
 5.00500501e-01 6.99052373e-02
 5.02502503e-01 4.58213934e-02
 5.04504505e-01 6.97995076e-02
 5.06506507e-01 1.42832598e-02
 5.08508509e-01 1.91259661e-02
 5.10510511e-01 1.85102490e-02
 5.12512513e-01 8.71842935e-03
 5.14514515e-01 9.45430308e-03
 5.16516517e-01 1.98448971e-03
 5.18518519e-01 1.71664032e-02
 5.20520521e-01 4.84085489e-02
 5.22522523e-01 1.56229908e-02
 5.24524525e-01 3.37998164e-03
 5.26526527e-01 4.92649853e-02
 5.28528529e-01 1.05145496e-01
 5.30530531e-01 7.78459480e-02
 5.32532533e-01 1.28600901e-01
 5.34534535e-01 2.00324742e-01
 5.36536537e-01 8.13163790e-02
 5.38538539e-01 1.89534809e-01
 5.40540541e-01 2.13655291e-01
 5.42542543e-01 2.08300121e-01
 5.44544545e-01 9.70099304e-02
 5.46546547e-01 1.19653989e-01
 5.48548549e-01 3.94070114e-02
 5.50550551e-01 4.78524077e-02
 5.52552553e-01 1.53664701e-02
 5.54554555e-01 1.47826925e-02
 5.56556557e-01 1.36345195e-02
 5.58558559e-01 1.64374467e-02
 5.60560561e-01 1.29265432e-02
 5.62562563e-01 2.09439399e-02
 5.64564565e-01 1.48066986e-02
 5.66566567e-01 2.57036551e-02
 5.68568569e-01 2.33391076e-02
 5.70570571e-01 2.04284060e-02
 5.72572573e-01 2.22780396e-02
 5.74574575e-01 4.16841262e-02
 5.76576577e-01 3.05582249e-02
 5.78578579e-01 4.34846759e-02
 5.80580581e-01 3.27842931e-02
 5.82582583e-01 3.29662914e-02
 5.84584585e-01 2.16390969e-02
 5.86586587e-01 2.13882394e-02
 5.88588589e-01 2.44744366e-02
 5.90590591e-01 2.43560774e-02
 5.92592593e-01 2.58950320e-02
 5.94594595e-01 7.16302278e-02
 5.96596597e-01 1.72539819e-01
 5.98598599e-01 2.41000552e-01
 6.00600601e-01 8.66030695e-02
 6.02602603e-01 1.44143702e-01
 6.04604605e-01 8.30921512e-02
 6.06606607e-01 9.92064892e-02
 6.08608609e-01 7.90512660e-02
 6.10610611e-01 9.31826734e-02
 6.12612613e-01 6.47588609e-02
 6.14614615e-01 7.70532716e-02
 6.16616617e-01 6.25114985e-02
 6.18618619e-01 5.17886783e-04
 6.20620621e-01 1.56652120e-03
 6.22622623e-01 4.73489646e-04
 6.24624625e-01 3.63069038e-04
 6.26626627e-01 4.01321324e-04
 6.28628629e-01 4.64769983e-04
 6.30630631e-01 7.19332612e-04
 6.32632633e-01 9.22897992e-04
 6.34634635e-01 5.15235999e-04
 6.36636637e-01 3.21835936e-04
 6.38638639e-01 2.57136592e-04
 6.40640641e-01 3.74282659e-04
 6.42642643e-01 2.79186352e-04
 6.44644645e-01 3.38642101e-04
 6.46646647e-01 4.74251353e-04
 6.48648649e-01 3.26414699e-04
 6.50650651e-01 4.65857407e-04
 6.52652653e-01 4.61831664e-04
 6.54654655e-01 3.63426424e-04
 6.56656657e-01 6.19088793e-03
 6.58658659e-01 6.12251321e-02
 6.60660661e-01 4.10463870e-04
 6.62662663e-01 4.86692788e-04
 6.64664665e-01 1.12456248e-02
 6.66666667e-01 2.53434711e-02
 6.68668669e-01 4.60726888e-04
 6.70670671e-01 6.77457407e-04
 6.72672673e-01 3.68726552e-04
 6.74674675e-01 3.74110267e-04
 6.76676677e-01 6.24505515e-04
 6.78678679e-01 3.88246711e-04
 6.80680681e-01 3.63776569e-04
 6.82682683e-01 5.18260077e-04
 6.84684685e-01 3.97277489e-04
 6.86686687e-01 4.13921547e-04
 6.88688689e-01 3.88088167e-04
 6.90690691e-01 4.49653402e-04
 6.92692693e-01 4.74854640e-04
 6.94694695e-01 4.37497704e-04
 6.96696697e-01 5.39774374e-04
 6.98698699e-01 5.17041699e-04
 7.00700701e-01 7.20929423e-04
 7.02702703e-01 8.92150139e-03
 7.04704705e-01 1.10145721e-03
 7.06706707e-01 5.48688371e-03
 7.08708709e-01 6.53627996e-03
 7.10710711e-01 2.66275227e-02
 7.12712713e-01 3.24318940e-02
 7.14714715e-01 5.73339649e-02
 7.16716717e-01 6.40176187e-02
 7.18718719e-01 1.38784980e-01
 7.20720721e-01 1.79505787e-01
 7.22722723e-01 2.18781168e-01
 7.24724725e-01 2.49978373e-01
 7.26726727e-01 9.20286491e-02
 7.28728729e-01 1.10606949e-01
 7.30730731e-01 9.12447383e-02
 7.32732733e-01 8.10544429e-02
 7.34734735e-01 7.61760248e-02
 7.36736737e-01 8.29692530e-02
 7.38738739e-01 8.06596627e-02
 7.40740741e-01 8.16392096e-02
 7.42742743e-01 7.35028017e-02
 7.44744745e-01 7.10823747e-02
 7.46746747e-01 6.13921246e-02
 7.48748749e-01 2.76299381e-02
 7.50750751e-01 5.91442053e-02
 7.52752753e-01 1.07596061e-01
 7.54754755e-01 1.09279729e-01
 7.56756757e-01 1.12541004e-01
 7.58758759e-01 2.41192991e-02
 7.60760761e-01 2.84810887e-02
 7.62762763e-01 3.14328209e-02
 7.64764765e-01 2.31982506e-02
 7.66766767e-01 2.82111861e-02
 7.68768769e-01 5.60787999e-02
 7.70770771e-01 6.12406052e-02
 7.72772773e-01 5.70797981e-02
 7.74774775e-01 2.47233582e-02
 7.76776777e-01 6.86874152e-02
 7.78778779e-01 5.95014663e-02
 7.80780781e-01 1.13396351e-02
 7.82782783e-01 4.69085012e-02
 7.84784785e-01 1.39290358e-01
 7.86786787e-01 1.12013446e-01
 7.88788789e-01 1.11260210e-01
 7.90790791e-01 9.31720576e-02
 7.92792793e-01 7.65107540e-02
 7.94794795e-01 1.31401355e-01
 7.96796797e-01 9.92008264e-02
 7.98798799e-01 1.03786661e-01
 8.00800801e-01 5.90147869e-02
 8.02802803e-01 8.08652902e-02
 8.04804805e-01 6.47345169e-02
 8.06806807e-01 7.71720265e-02
 8.08808809e-01 1.06555088e-01
 8.10810811e-01 9.28349703e-02
 8.12812813e-01 7.65819751e-02
 8.14814815e-01 1.33690712e-01
 8.16816817e-01 7.72706671e-02
 8.18818819e-01 1.01256663e-01
 8.20820821e-01 1.43942143e-01
 8.22822823e-01 8.62332883e-02
 8.24824825e-01 1.92537300e-01
 8.26826827e-01 1.10356510e-01
 8.28828829e-01 1.59085765e-01
 8.30830831e-01 7.29234347e-02
 8.32832833e-01 1.30256467e-01
 8.34834835e-01 7.89023216e-02
 8.36836837e-01 2.27756265e-01
 8.38838839e-01 2.56608584e-01
 8.40840841e-01 1.50132381e-01
 8.42842843e-01 1.43014372e-01
 8.44844845e-01 1.80702934e-01
 8.46846847e-01 2.44984855e-01
 8.48848849e-01 2.84679659e-01
 8.50850851e-01 9.26113176e-02
 8.52852853e-01 9.28109870e-02
 8.54854855e-01 1.23015910e-01
 8.56856857e-01 1.27348731e-01
 8.58858859e-01 1.74153734e-01
 8.60860861e-01 1.94301989e-01
 8.62862863e-01 8.90502050e-02
 8.64864865e-01 9.00015400e-02
 8.66866867e-01 6.39366394e-02
 8.68868869e-01 1.28016561e-01
 8.70870871e-01 9.39860424e-02
 8.72872873e-01 5.06088978e-02
 8.74874875e-01 4.66001961e-02
 8.76876877e-01 6.90334881e-02
 8.78878879e-01 7.53718114e-02
 8.80880881e-01 3.91490485e-02
 8.82882883e-01 6.30615827e-02
 8.84884885e-01 5.64158634e-02
 8.86886887e-01 6.22426019e-02
 8.88888889e-01 5.09459405e-02
 8.90890891e-01 5.83311536e-02
 8.92892893e-01 6.92770752e-02
 8.94894895e-01 7.19908438e-02
 8.96896897e-01 6.50697068e-02
 8.98898899e-01 4.81545021e-02
 9.00900901e-01 5.48523729e-02
 9.02902903e-01 8.51674693e-02
 9.04904905e-01 6.65225688e-02
 9.06906907e-01 9.19108609e-02
 9.08908909e-01 1.06255073e-01
 9.10910911e-01 2.80437590e-01
 9.12912913e-01 1.89526413e-01
 9.14914915e-01 2.31342274e-01
 9.16916917e-01 2.64760653e-01
 9.18918919e-01 2.81859192e-01
 9.20920921e-01 3.85948019e-01
 9.22922923e-01 2.50079063e-01
 9.24924925e-01 7.18595140e-02
 9.26926927e-01 1.28457842e-01
 9.28928929e-01 8.13089982e-02
 9.30930931e-01 1.49597609e-01
 9.32932933e-01 1.16523252e-01
 9.34934935e-01 1.12910299e-01
 9.36936937e-01 1.32340200e-01
 9.38938939e-01 8.17916746e-02
 9.40940941e-01 9.94924794e-02
 9.42942943e-01 1.12142543e-01
 9.44944945e-01 1.13195934e-01
 9.46946947e-01 7.96109203e-02
 9.48948949e-01 9.42595866e-02
 9.50950951e-01 9.91097088e-02
 9.52952953e-01 7.95696412e-02
 9.54954955e-01 1.00512926e-01
 9.56956957e-01 7.21163076e-02
 9.58958959e-01 2.41681703e-01
 9.60960961e-01 1.76668008e-01
 9.62962963e-01 1.64281636e-01
 9.64964965e-01 1.24489109e-01
 9.66966967e-01 2.31310023e-01
 9.68968969e-01 1.55590591e-01
 9.70970971e-01 6.20646999e-01
 9.72972973e-01 3.49053626e-01
 9.74974975e-01 1.86292694e-01
 9.76976977e-01 1.52366868e-01
 9.78978979e-01 7.80275130e-02
 9.80980981e-01 1.41432690e-01
 9.82982983e-01 1.08429216e-01
 9.84984985e-01 7.62847290e-02
 9.86986987e-01 7.61806110e-02
 9.88988989e-01 7.12492731e-02
 9.90990991e-01 6.70554766e-02
 9.92992993e-01 7.48768015e-02
 9.94994995e-01 4.34667415e-02
 9.96996997e-01 4.38693732e-02
 9.98998999e-01 6.00079334e-02
 1.00100100e+00 3.55509846e-02
 1.00300300e+00 4.97597018e-02
 1.00500501e+00 4.02693020e-02
 1.00700701e+00 6.16621815e-02
 1.00900901e+00 5.63628541e-02
 1.01101101e+00 6.13359374e-02
 1.01301301e+00 3.64745780e-02
 1.01501502e+00 6.33051877e-02
 1.01701702e+00 1.35749322e-01
 1.01901902e+00 6.26137511e-02
 1.02102102e+00 6.21218655e-02
 1.02302302e+00 5.74935617e-02
 1.02502503e+00 5.75214991e-02
 1.02702703e+00 9.66156057e-02
 1.02902903e+00 9.69564808e-02
 1.03103103e+00 1.02941067e-01
 1.03303303e+00 1.13844365e-01
 1.03503504e+00 1.93853109e-01
 1.03703704e+00 3.83705147e-01
 1.03903904e+00 3.03574803e-01
 1.04104104e+00 1.72315477e-01
 1.04304304e+00 1.61812832e-01
 1.04504505e+00 1.95114795e-01
 1.04704705e+00 1.30191575e-01
 1.04904905e+00 1.06571200e-01
 1.05105105e+00 1.03045420e-01
 1.05305305e+00 9.74571582e-02
 1.05505506e+00 8.34064212e-02
 1.05705706e+00 1.35923835e-01
 1.05905906e+00 7.60976437e-02
 1.06106106e+00 1.25824796e-01
 1.06306306e+00 1.04847064e-01
 1.06506507e+00 1.04539673e-01
 1.06706707e+00 7.78404179e-02
 1.06906907e+00 6.06747200e-02
 1.07107107e+00 8.68461704e-02
 1.07307307e+00 9.38460703e-02
 1.07507508e+00 1.07974825e-01
 1.07707708e+00 1.27621797e-01
 1.07907908e+00 7.99893191e-02
 1.08108108e+00 2.03483412e-01
 1.08308308e+00 1.59223257e-01
 1.08508509e+00 2.19711126e-01
 1.08708709e+00 1.88384902e-01
 1.08908909e+00 1.68488654e-01
 1.09109109e+00 1.97736473e-01
 1.09309309e+00 2.28220204e-01
 1.09509510e+00 2.65246749e-01
 1.09709710e+00 1.69727951e-01
 1.09909910e+00 1.73817353e-01
 1.10110110e+00 9.09673507e-02
 1.10310310e+00 6.87130018e-02
 1.10510511e+00 7.80410431e-02
 1.10710711e+00 7.72049009e-02
 1.10910911e+00 7.66931405e-02
 1.11111111e+00 6.77674174e-02
 1.11311311e+00 6.22187818e-02
 1.11511512e+00 4.65209158e-02
 1.11711712e+00 3.72346427e-02
 1.11911912e+00 2.69408033e-02
 1.12112112e+00 4.38625055e-02
 1.12312312e+00 2.82189575e-02
 1.12512513e+00 3.05533939e-02
 1.12712713e+00 2.01205471e-02
 1.12912913e+00 3.09059452e-02
 1.13113113e+00 4.09311442e-02
 1.13313313e+00 3.63010003e-02
 1.13513514e+00 2.92618938e-02
 1.13713714e+00 3.67020348e-02
 1.13913914e+00 5.49998010e-02
 1.14114114e+00 3.67550580e-02
 1.14314314e+00 4.34268808e-02
 1.14514515e+00 4.68887643e-02
 1.14714715e+00 3.21688020e-02
 1.14914915e+00 7.78710144e-02
 1.15115115e+00 7.29308478e-02
 1.15315315e+00 5.98879922e-02
 1.15515516e+00 2.93359564e-01
 1.15715716e+00 3.42561985e-01
 1.15915916e+00 3.48390126e-01
 1.16116116e+00 3.49166676e-01
 1.16316316e+00 1.40453672e-01
 1.16516517e+00 1.04939175e-01
 1.16716717e+00 6.86558850e-02
 1.16916917e+00 5.50030019e-02
 1.17117117e+00 6.70787564e-02
 1.17317317e+00 4.05024489e-02
 1.17517518e+00 1.03011355e-01
 1.17717718e+00 1.09328835e-01
 1.17917918e+00 4.84156776e-02
 1.18118118e+00 5.22920906e-02
 1.18318318e+00 7.25477473e-02
 1.18518519e+00 6.48752291e-02
 1.18718719e+00 1.15183478e-01
 1.18918919e+00 6.40525806e-02
 1.19119119e+00 4.80922907e-02
 1.19319319e+00 5.55688543e-02
 1.19519520e+00 6.71468873e-02
 1.19719720e+00 8.09748102e-02
 1.19919920e+00 2.67775700e-01
 1.20120120e+00 2.34664674e-01
 1.20320320e+00 2.54047238e-01
 1.20520521e+00 2.85664180e-01
 1.20720721e+00 8.30156463e-02
 1.20920921e+00 8.69445611e-02
 1.21121121e+00 3.76573883e-01
 1.21321321e+00 2.71791334e-01
 1.21521522e+00 1.97873195e-01
 1.21721722e+00 1.09738762e-01
 1.21921922e+00 1.09834659e-01
 1.22122122e+00 7.64981175e-02
 1.22322322e+00 8.93605610e-02
 1.22522523e+00 7.56829905e-02
 1.22722723e+00 7.45808106e-02
 1.22922923e+00 7.33347305e-02
 1.23123123e+00 5.65265924e-02
 1.23323323e+00 6.34387020e-02
 1.23523524e+00 7.61172956e-02
 1.23723724e+00 4.24649159e-02
 1.23923924e+00 1.79842644e-02
 1.24124124e+00 1.03225195e-01
 1.24324324e+00 1.08412716e-01
 1.24524525e+00 2.86336941e-02
 1.24724725e+00 4.34291116e-02
 1.24924925e+00 4.92803140e-02
 1.25125125e+00 3.43499914e-02
 1.25325325e+00 4.82209552e-02
 1.25525526e+00 4.18745742e-02
 1.25725726e+00 2.20396344e-02
 1.25925926e+00 4.75389620e-02
 1.26126126e+00 1.22548865e-01
 1.26326326e+00 1.23791696e-01
 1.26526527e+00 4.29306712e-02
 1.26726727e+00 2.29769965e-03
 1.26926927e+00 1.40340124e-01
 1.27127127e+00 7.97981009e-02
 1.27327327e+00 2.29837065e-01
 1.27527528e+00 2.35332568e-01
 1.27727728e+00 1.33910938e-01
 1.27927928e+00 9.02442140e-02
 1.28128128e+00 2.58653121e-01
 1.28328328e+00 1.01001418e-01
 1.28528529e+00 4.60658731e-02
 1.28728729e+00 8.28768224e-02
 1.28928929e+00 6.14496839e-02
 1.29129129e+00 8.00509437e-02
 1.29329329e+00 8.46139319e-02
 1.29529530e+00 8.35854782e-02
 1.29729730e+00 7.40365149e-02
 1.29929930e+00 9.85948880e-02
 1.30130130e+00 6.58124826e-02
 1.30330330e+00 7.88792417e-02
 1.30530531e+00 6.46751198e-02
 1.30730731e+00 8.03876300e-02
 1.30930931e+00 1.34460782e-01
 1.31131131e+00 1.15176092e-01
 1.31331331e+00 1.94489627e-01
 1.31531532e+00 1.43160448e-01
 1.31731732e+00 1.28823257e-01
 1.31931932e+00 6.25680847e-02
 1.32132132e+00 2.03201100e-01
 1.32332332e+00 1.41398925e-01
 1.32532533e+00 1.09002907e-01
 1.32732733e+00 8.98542635e-02
 1.32932933e+00 3.41475176e-01
 1.33133133e+00 2.28451523e-01
 1.33333333e+00 2.86528251e-01
 1.33533534e+00 8.19180962e-02
 1.33733734e+00 2.03707030e-01
 1.33933934e+00 2.09499663e-01
 1.34134134e+00 1.50380631e-01
 1.34334334e+00 8.01186158e-02
 1.34534535e+00 7.66458875e-02
 1.34734735e+00 6.92779618e-02
 1.34934935e+00 8.41357097e-02
 1.35135135e+00 7.58756054e-02
 1.35335335e+00 6.87289831e-02
 1.35535536e+00 4.97952349e-02
 1.35735736e+00 4.22355148e-02
 1.35935936e+00 4.63077875e-02
 1.36136136e+00 7.08173014e-02
 1.36336336e+00 6.73025447e-02
 1.36536537e+00 5.09826170e-02
 1.36736737e+00 4.38855526e-02
 1.36936937e+00 4.48485336e-02
 1.37137137e+00 4.60508846e-02
 1.37337337e+00 2.15675091e-02
 1.37537538e+00 1.35882865e-02
 1.37737738e+00 5.04628391e-02
 1.37937938e+00 6.35152678e-02
 1.38138138e+00 6.56772544e-02
 1.38338338e+00 5.33639112e-02
 1.38538539e+00 4.35790142e-02
 1.38738739e+00 5.62026982e-02
 1.38938939e+00 3.61948662e-02
 1.39139139e+00 4.75396879e-02
 1.39339339e+00 8.29963576e-02
 1.39539540e+00 9.31313855e-02
 1.39739740e+00 1.80906039e-01
 1.39939940e+00 8.90494677e-02
 1.40140140e+00 9.74291751e-02
 1.40340340e+00 1.07817280e-01
 1.40540541e+00 1.07115329e-01
 1.40740741e+00 1.19400988e-01
 1.40940941e+00 7.24728404e-02
 1.41141141e+00 8.15958755e-02
 1.41341341e+00 9.16652252e-02
 1.41541542e+00 8.83158625e-02
 1.41741742e+00 1.44007702e-01
 1.41941942e+00 8.60748349e-02
 1.42142142e+00 1.14798882e-01
 1.42342342e+00 1.05747222e-01
 1.42542543e+00 1.65462052e-01
 1.42742743e+00 1.38061980e-01
 1.42942943e+00 1.10408425e-01
 1.43143143e+00 2.21784001e-01
 1.43343343e+00 1.04969573e-01
 1.43543544e+00 8.22335403e-02
 1.43743744e+00 1.38141724e-01
 1.43943944e+00 1.70731367e-01
 1.44144144e+00 1.18831603e-01
 1.44344344e+00 9.81162592e-02
 1.44544545e+00 1.18062010e-01
 1.44744745e+00 2.96772653e-01
 1.44944945e+00 3.01135204e-01
 1.45145145e+00 2.27574391e-01
 1.45345345e+00 7.35413482e-02
 1.45545546e+00 1.40875953e-01
 1.45745746e+00 6.62461715e-02
 1.45945946e+00 7.33132776e-02
 1.46146146e+00 1.08413146e-01
 1.46346346e+00 1.49165437e-01
 1.46546547e+00 7.85155223e-02
 1.46746747e+00 1.30347781e-01
 1.46946947e+00 7.10896283e-02
 1.47147147e+00 9.89825808e-02
 1.47347347e+00 5.47462786e-02
 1.47547548e+00 4.93073781e-02
 1.47747748e+00 5.70949184e-02
 1.47947948e+00 5.28365635e-02
 1.48148148e+00 4.24076440e-02
 1.48348348e+00 4.30942873e-02
 1.48548549e+00 5.95166564e-02
 1.48748749e+00 5.00117778e-02
 1.48948949e+00 4.19315992e-02
 1.49149149e+00 3.15646232e-02
 1.49349349e+00 6.14311750e-02
 1.49549550e+00 8.37769784e-02
 1.49749750e+00 7.30282983e-02
 1.49949950e+00 7.36531534e-02
 1.50150150e+00 7.40024143e-02
 1.50350350e+00 8.05407070e-02
 1.50550551e+00 1.20253229e-01
 1.50750751e+00 9.12011326e-02
 1.50950951e+00 5.99811756e-02
 1.51151151e+00 7.66577375e-02
 1.51351351e+00 7.54432507e-02
 1.51551552e+00 1.17504541e-01
 1.51751752e+00 1.81850314e-01
 1.51951952e+00 8.15202263e-02
 1.52152152e+00 1.41468074e-01
 1.52352352e+00 1.72243044e-01
 1.52552553e+00 1.25529682e-01
 1.52752753e+00 1.04800938e-01
 1.52952953e+00 6.31128639e-02
 1.53153153e+00 7.36567903e-02
 1.53353353e+00 6.73700283e-02
 1.53553554e+00 9.79604303e-02
 1.53753754e+00 1.20355276e-01
 1.53953954e+00 5.49530691e-02
 1.54154154e+00 6.45859641e-02
 1.54354354e+00 6.78536637e-02
 1.54554555e+00 7.04087577e-02
 1.54754755e+00 6.64116106e-02
 1.54954955e+00 7.51203950e-02
 1.55155155e+00 5.67351314e-02
 1.55355355e+00 1.33247052e-01
 1.55555556e+00 1.26682913e-01
 1.55755756e+00 2.04057500e-01
 1.55955956e+00 6.48084165e-02
 1.56156156e+00 1.34382837e-01
 1.56356356e+00 1.04633186e-01
 1.56556557e+00 3.82492846e-01
 1.56756757e+00 2.03437502e-01
 1.56956957e+00 1.45517426e-01
 1.57157157e+00 3.23515055e-01
 1.57357357e+00 8.70591501e-02
 1.57557558e+00 8.13251639e-02
 1.57757758e+00 1.00489534e-01
 1.57957958e+00 8.80881745e-02
 1.58158158e+00 7.26424777e-02
 1.58358358e+00 6.30095882e-02
 1.58558559e+00 5.33747834e-02
 1.58758759e+00 3.22324314e-02
 1.58958959e+00 4.42828724e-02
 1.59159159e+00 4.91438023e-02
 1.59359359e+00 2.61166152e-02
 1.59559560e+00 2.84970281e-02
 1.59759760e+00 3.86955724e-02
 1.59959960e+00 5.03364217e-02
 1.60160160e+00 3.56666076e-02
 1.60360360e+00 4.00943940e-02
 1.60560561e+00 3.77310154e-02
 1.60760761e+00 2.75751469e-02
 1.60960961e+00 3.06964202e-02
 1.61161161e+00 4.63730313e-02
 1.61361361e+00 5.33593929e-02
 1.61561562e+00 5.13717050e-02
 1.61761762e+00 2.56161938e-03
 1.61961962e+00 2.03016500e-03
 1.62162162e+00 4.44593640e-02
 1.62362362e+00 7.47820083e-02
 1.62562563e+00 2.46454854e-03
 1.62762763e+00 4.79669171e-02
 1.62962963e+00 1.04136419e-01
 1.63163163e+00 1.73632414e-01
 1.63363363e+00 7.40988962e-02
 1.63563564e+00 9.64051727e-02
 1.63763764e+00 9.46200536e-02
 1.63963964e+00 8.48381030e-02
 1.64164164e+00 5.44525356e-02
 1.64364364e+00 5.64906442e-02
 1.64564565e+00 7.60810202e-02
 1.64764765e+00 7.80436736e-02
 1.64964965e+00 7.77259194e-02
 1.65165165e+00 5.09453478e-02
 1.65365365e+00 6.54951047e-02
 1.65565566e+00 6.72526416e-02
 1.65765766e+00 8.85424836e-02
 1.65965966e+00 8.43371701e-02
 1.66166166e+00 6.96385560e-02
 1.66366366e+00 1.70557814e-01
 1.66566567e+00 8.48672097e-02
 1.66766767e+00 7.22921253e-02
 1.66966967e+00 1.08130632e-01
 1.67167167e+00 7.70660822e-02
 1.67367367e+00 7.84949800e-02
 1.67567568e+00 1.65988194e-01
 1.67767768e+00 1.51699327e-01
 1.67967968e+00 1.00000000e+00
 1.68168168e+00 5.44697158e-01
 1.68368368e+00 1.05063140e-01
 1.68568569e+00 1.67893528e-01
 1.68768769e+00 7.92188411e-02
 1.68968969e+00 7.63427405e-02
 1.69169169e+00 7.48484032e-02
 1.69369369e+00 7.67690057e-02
 1.69569570e+00 1.14894548e-01
 1.69769770e+00 7.79629277e-02
 1.69969970e+00 1.34505371e-01
 1.70170170e+00 6.56321228e-02
 1.70370370e+00 2.22182622e-02
 1.70570571e+00 4.08752044e-02
 1.70770771e+00 4.94549787e-02
 1.70970971e+00 6.35336576e-02
 1.71171171e+00 7.47862578e-02
 1.71371371e+00 2.01765569e-02
 1.71571572e+00 2.02214446e-02
 1.71771772e+00 2.07368751e-02
 1.71971972e+00 1.93413501e-02
 1.72172172e+00 2.12587279e-02
 1.72372372e+00 2.06161439e-02
 1.72572573e+00 7.25072694e-03
 1.72772773e+00 3.47330539e-02
 1.72972973e+00 3.12914564e-02
 1.73173173e+00 3.50343391e-02
 1.73373373e+00 8.76997433e-04
 1.73573574e+00 1.12375353e-02
 1.73773774e+00 3.51655195e-04
 1.73973974e+00 1.07533392e-02
 1.74174174e+00 5.65150710e-02
 1.74374374e+00 1.26952390e-01
 1.74574575e+00 1.14232853e-01
 1.74774775e+00 9.63884049e-02
 1.74974975e+00 7.10461793e-02
 1.75175175e+00 5.00560121e-02
 1.75375375e+00 4.79085164e-02
 1.75575576e+00 4.77548718e-02
 1.75775776e+00 3.44158405e-02
 1.75975976e+00 4.64381088e-02
 1.76176176e+00 4.35978392e-02
 1.76376376e+00 5.34244787e-02
 1.76576577e+00 4.81239261e-02
 1.76776777e+00 2.80290226e-02
 1.76976977e+00 3.74291553e-02
 1.77177177e+00 3.10026273e-02
 1.77377377e+00 4.78794502e-02
 1.77577578e+00 3.94928581e-02
 1.77777778e+00 4.63592439e-02
 1.77977978e+00 6.32940340e-02
 1.78178178e+00 5.38638395e-02
 1.78378378e+00 5.05361604e-02
 1.78578579e+00 7.05386101e-02
 1.78778779e+00 1.32947723e-01
 1.78978979e+00 8.00439849e-02
 1.79179179e+00 2.43579131e-01
 1.79379379e+00 6.64581046e-01
 1.79579580e+00 5.10821226e-01
 1.79779780e+00 1.67986966e-01
 1.79979980e+00 1.64193965e-01
 1.80180180e+00 2.07056544e-01
 1.80380380e+00 2.02706491e-01
 1.80580581e+00 9.54718011e-02
 1.80780781e+00 1.18425178e-01
 1.80980981e+00 1.25751268e-01
 1.81181181e+00 1.22675599e-01
 1.81381381e+00 1.28232073e-01
 1.81581582e+00 1.04399332e-01
 1.81781782e+00 5.09659955e-02
 1.81981982e+00 2.75340760e-02
 1.82182182e+00 2.58028561e-02
 1.82382382e+00 2.65598306e-02
 1.82582583e+00 1.86546465e-02
 1.82782783e+00 2.61969513e-02
 1.82982983e+00 2.73556541e-02
 1.83183183e+00 2.39575041e-02
 1.83383383e+00 3.10576783e-02
 1.83583584e+00 3.56102781e-02
 1.83783784e+00 1.43365751e-02
 1.83983984e+00 1.39283257e-02
 1.84184184e+00 3.93473175e-02
 1.84384384e+00 4.71884019e-02
 1.84584585e+00 5.58648303e-02
 1.84784785e+00 2.86448076e-02
 1.84984985e+00 2.78138541e-02
 1.85185185e+00 4.73547127e-02
 1.85385385e+00 4.15227751e-02
 1.85585586e+00 5.67828194e-02
 1.85785786e+00 7.12333906e-02
 1.85985986e+00 1.51129824e-01
 1.86186186e+00 7.19686733e-02
 1.86386386e+00 7.96569666e-02
 1.86586587e+00 9.46741862e-02
 1.86786787e+00 5.24820724e-02
 1.86986987e+00 7.30116745e-02
 1.87187187e+00 4.54481028e-02
 1.87387387e+00 4.90033718e-02
 1.87587588e+00 3.13005349e-02
 1.87787788e+00 5.08887670e-02
 1.87987988e+00 4.00379215e-02
 1.88188188e+00 3.98671216e-02
 1.88388388e+00 4.89033186e-02
 1.88588589e+00 3.75838865e-02
 1.88788789e+00 4.64428278e-02
 1.88988989e+00 3.26328201e-02
 1.89189189e+00 5.80494451e-02
 1.89389389e+00 3.12596817e-02
 1.89589590e+00 5.99928574e-02
 1.89789790e+00 4.35862334e-02
 1.89989990e+00 1.02586391e-01
 1.90190190e+00 3.37437987e-02
 1.90390390e+00 5.13177359e-02
 1.90590591e+00 1.80183897e-01
 1.90790791e+00 1.92962900e-01
 1.90990991e+00 4.58871633e-01
 1.91191191e+00 3.31570022e-01
 1.91391391e+00 1.51642605e-01
 1.91591592e+00 1.58357860e-01
 1.91791792e+00 9.75488992e-02
 1.91991992e+00 7.62529095e-02
 1.92192192e+00 7.68838894e-02
 1.92392392e+00 9.42571770e-02
 1.92592593e+00 1.20839378e-01
 1.92792793e+00 1.05167328e-01
 1.92992993e+00 9.10091400e-02
 1.93193193e+00 6.55912800e-02
 1.93393393e+00 3.17637648e-02
 1.93593594e+00 2.64960985e-02
 1.93793794e+00 2.83024279e-02
 1.93993994e+00 2.45119155e-02
 1.94194194e+00 2.78597446e-02
 1.94394394e+00 3.27301229e-02
 1.94594595e+00 2.93174956e-02
 1.94794795e+00 2.38727562e-02
 1.94994995e+00 3.22179537e-02
 1.95195195e+00 2.37457784e-02
 1.95395395e+00 2.26525659e-02
 1.95595596e+00 1.51089763e-02
 1.95795796e+00 3.90702278e-02
 1.95995996e+00 3.23611032e-02
 1.96196196e+00 4.44177963e-02
 1.96396396e+00 3.55623102e-02
 1.96596597e+00 6.07613484e-02
 1.96796797e+00 8.40296108e-02
 1.96996997e+00 1.18169744e-01
 1.97197197e+00 9.61403135e-02
 1.97397397e+00 6.89836065e-02
 1.97597598e+00 7.47487551e-02
 1.97797798e+00 1.26179225e-01
 1.97997998e+00 7.77610446e-02
 1.98198198e+00 4.36913482e-02
 1.98398398e+00 7.65853273e-02
 1.98598599e+00 5.60633021e-02
 1.98798799e+00 4.25740633e-02
 1.98998999e+00 4.03915040e-02
 1.99199199e+00 4.61631488e-02
 1.99399399e+00 5.17259634e-02
 1.99599600e+00 4.40312768e-02
 1.99799800e+00 5.83464630e-02
 2.00000000e+00 1.01301286e-01
