 0.00000000e+00 3.06653914e-02
 1.00000000e-02 3.06653914e-02
 2.00000000e-02 5.04585852e-02
 3.00000000e-02 5.04585852e-02
 4.00000000e-02 5.04585852e-02
 5.00000000e-02 5.04585852e-02
 6.00000000e-02 5.04585852e-02
 7.00000000e-02 2.84193492e-02
 8.00000000e-02 2.84193492e-02
 9.00000000e-02 2.84193492e-02
 1.00000000e-01 2.84193492e-02
 1.10000000e-01 2.84193492e-02
 1.20000000e-01 3.20104963e-02
 1.30000000e-01 3.20104963e-02
 1.40000000e-01 3.20104963e-02
 1.50000000e-01 3.20104963e-02
 1.60000000e-01 3.20104963e-02
 1.70000000e-01 5.85520509e-02
 1.80000000e-01 5.85520509e-02
 1.90000000e-01 5.85520509e-02
 2.00000000e-01 5.85520509e-02
 2.10000000e-01 5.85520509e-02
 2.20000000e-01 2.73645244e-02
 2.30000000e-01 2.73645244e-02
 2.40000000e-01 2.73645244e-02
 2.50000000e-01 2.73645244e-02
 2.60000000e-01 2.73645244e-02
 2.70000000e-01 4.88075132e-02
 2.80000000e-01 4.88075132e-02
 2.90000000e-01 4.88075132e-02
 3.00000000e-01 4.88075132e-02
 3.10000000e-01 4.88075132e-02
 3.20000000e-01 9.30291421e-02
 3.30000000e-01 9.30291421e-02
 3.40000000e-01 9.30291421e-02
 3.50000000e-01 9.30291421e-02
 3.60000000e-01 9.30291421e-02
 3.70000000e-01 9.15211950e-02
 3.80000000e-01 9.15211950e-02
 3.90000000e-01 9.15211950e-02
 4.00000000e-01 9.15211950e-02
 4.10000000e-01 9.15211950e-02
 4.20000000e-01 1.21461784e-01
 4.30000000e-01 1.21461784e-01
 4.40000000e-01 1.21461784e-01
 4.50000000e-01 1.21461784e-01
 4.60000000e-01 1.21461784e-01
 4.70000000e-01 5.24303541e-02
 4.80000000e-01 5.24303541e-02
 4.90000000e-01 5.24303541e-02
 5.00000000e-01 5.24303541e-02
 5.10000000e-01 5.24303541e-02
 5.20000000e-01 1.35202719e-01
 5.30000000e-01 1.35202719e-01
 5.40000000e-01 1.35202719e-01
 5.50000000e-01 1.35202719e-01
 5.60000000e-01 1.35202719e-01
 5.70000000e-01 8.07200048e-02
 5.80000000e-01 8.07200048e-02
 5.90000000e-01 8.07200048e-02
 6.00000000e-01 8.07200048e-02
 6.10000000e-01 8.07200048e-02
 6.20000000e-01 8.55437494e-02
 6.30000000e-01 8.55437494e-02
 6.40000000e-01 8.55437494e-02
 6.50000000e-01 8.55437494e-02
 6.60000000e-01 8.55437494e-02
 6.70000000e-01 4.37042780e-02
 6.80000000e-01 4.37042780e-02
 6.90000000e-01 4.37042780e-02
 7.00000000e-01 4.37042780e-02
 7.10000000e-01 4.37042780e-02
 7.20000000e-01 9.68648261e-02
 7.30000000e-01 9.68648261e-02
 7.40000000e-01 9.68648261e-02
 7.50000000e-01 9.68648261e-02
 7.60000000e-01 9.68648261e-02
 7.70000000e-01 9.88396862e-02
 7.80000000e-01 9.88396862e-02
 7.90000000e-01 9.88396862e-02
 8.00000000e-01 9.88396862e-02
 8.10000000e-01 9.88396862e-02
 8.20000000e-01 7.39257598e-02
 8.30000000e-01 7.39257598e-02
 8.40000000e-01 7.39257598e-02
 8.50000000e-01 7.39257598e-02
 8.60000000e-01 7.39257598e-02
 8.70000000e-01 7.23284392e-02
 8.80000000e-01 7.23284392e-02
 8.90000000e-01 7.23284392e-02
 9.00000000e-01 7.23284392e-02
 9.10000000e-01 7.23284392e-02
 9.20000000e-01 1.31997017e-01
 9.30000000e-01 1.31997017e-01
 9.40000000e-01 1.31997017e-01
 9.50000000e-01 1.31997017e-01
 9.60000000e-01 1.31997017e-01
 9.70000000e-01 1.05716572e-01
 9.80000000e-01 1.05716572e-01
 9.90000000e-01 1.05716572e-01
 1.00000000e+00 1.05716572e-01
 1.01000000e+00 1.05716572e-01
 1.02000000e+00 1.17917441e-01
 1.03000000e+00 1.17917441e-01
 1.04000000e+00 1.17917441e-01
 1.05000000e+00 1.17917441e-01
 1.06000000e+00 1.17917441e-01
 1.07000000e+00 4.58508690e-01
 1.08000000e+00 4.58508690e-01
 1.09000000e+00 4.58508690e-01
 1.10000000e+00 4.58508690e-01
 1.11000000e+00 4.58508690e-01
 1.12000000e+00 3.60943995e-01
 1.13000000e+00 3.60943995e-01
 1.14000000e+00 3.60943995e-01
 1.15000000e+00 3.60943995e-01
 1.16000000e+00 3.60943995e-01
 1.17000000e+00 2.21545753e-01
 1.18000000e+00 2.21545753e-01
 1.19000000e+00 2.21545753e-01
 1.20000000e+00 2.21545753e-01
 1.21000000e+00 2.21545753e-01
 1.22000000e+00 1.00808533e-01
 1.23000000e+00 1.00808533e-01
 1.24000000e+00 1.00808533e-01
 1.25000000e+00 1.00808533e-01
 1.26000000e+00 1.00808533e-01
 1.27000000e+00 9.89443886e-02
 1.28000000e+00 9.89443886e-02
 1.29000000e+00 9.89443886e-02
 1.30000000e+00 9.89443886e-02
 1.31000000e+00 9.89443886e-02
 1.32000000e+00 1.17976178e-01
 1.33000000e+00 1.17976178e-01
 1.34000000e+00 1.17976178e-01
 1.35000000e+00 1.17976178e-01
 1.36000000e+00 1.17976178e-01
 1.37000000e+00 1.71787781e-02
 1.38000000e+00 1.71787781e-02
 1.39000000e+00 1.71787781e-02
 1.40000000e+00 1.71787781e-02
 1.41000000e+00 1.71787781e-02
 1.42000000e+00 5.10673593e-02
 1.43000000e+00 5.10673593e-02
 1.44000000e+00 5.10673593e-02
 1.45000000e+00 5.10673593e-02
 1.46000000e+00 5.10673593e-02
 1.47000000e+00 5.35149179e-02
 1.48000000e+00 5.35149179e-02
 1.49000000e+00 5.35149179e-02
 1.50000000e+00 5.35149179e-02
 1.51000000e+00 5.35149179e-02
 1.52000000e+00 5.39261627e-02
 1.53000000e+00 5.39261627e-02
 1.54000000e+00 5.39261627e-02
 1.55000000e+00 5.39261627e-02
 1.56000000e+00 5.39261627e-02
 1.57000000e+00 5.25992079e-02
 1.58000000e+00 5.25992079e-02
 1.59000000e+00 5.25992079e-02
 1.60000000e+00 5.25992079e-02
 1.61000000e+00 5.25992079e-02
 1.62000000e+00 4.94040945e-04
 1.63000000e+00 4.94040945e-04
 1.64000000e+00 4.94040945e-04
 1.65000000e+00 4.94040945e-04
 1.66000000e+00 4.94040945e-04
 1.67000000e+00 5.61011303e-04
 1.68000000e+00 5.61011303e-04
 1.69000000e+00 5.61011303e-04
 1.70000000e+00 5.61011303e-04
 1.71000000e+00 5.61011303e-04
 1.72000000e+00 4.44799729e-04
 1.73000000e+00 4.44799729e-04
 1.74000000e+00 4.44799729e-04
 1.75000000e+00 4.44799729e-04
 1.76000000e+00 4.44799729e-04
 1.77000000e+00 6.58099556e-04
 1.78000000e+00 6.58099556e-04
 1.79000000e+00 6.58099556e-04
 1.80000000e+00 6.58099556e-04
 1.81000000e+00 6.58099556e-04
 1.82000000e+00 7.86350604e-02
 1.83000000e+00 7.86350604e-02
 1.84000000e+00 7.86350604e-02
 1.85000000e+00 7.86350604e-02
 1.86000000e+00 7.86350604e-02
 1.87000000e+00 8.10986613e-02
 1.88000000e+00 8.10986613e-02
 1.89000000e+00 8.10986613e-02
 1.90000000e+00 8.10986613e-02
 1.91000000e+00 8.10986613e-02
 1.92000000e+00 2.27458068e-02
 1.93000000e+00 2.27458068e-02
 1.94000000e+00 2.27458068e-02
 1.95000000e+00 2.27458068e-02
 1.96000000e+00 2.27458068e-02
 1.97000000e+00 9.96030528e-04
 1.98000000e+00 9.96030528e-04
 1.99000000e+00 9.96030528e-04
 2.00000000e+00 9.96030528e-04
