 -2.00000000e+00 3.22667697e-16
 -1.98400000e+00 -3.22667697e-16
 -1.96800000e+00 -1.02540451e-15
 -1.95200000e+00 -1.93185681e-16
 -1.93600000e+00 9.50047354e-16
 -1.92000000e+00 1.33061658e-15
 -1.90400000e+00 -7.36247893e-15
 -1.88800000e+00 5.72087149e-14
 -1.87200000e+00 -1.00000000e+00
 -1.85600000e+00 -1.00000000e+00
 -1.84000000e+00 -1.00000000e+00
 -1.82400000e+00 1.00000000e+00
 -1.80800000e+00 1.00000000e+00
 -1.79200000e+00 -1.00000000e+00
 -1.77600000e+00 -1.00000000e+00
 -1.76000000e+00 -1.00000000e+00
 -1.74400000e+00 -1.00000000e+00
 -1.72800000e+00 -1.00000000e+00
 -1.71200000e+00 -1.00000000e+00
 -1.69600000e+00 -1.00000000e+00
 -1.68000000e+00 -1.00000000e+00
 -1.66400000e+00 -4.17371557e-15
 -1.64800000e+00 1.14966765e-15
 -1.63200000e+00 -0.00000000e+00
 -1.61600000e+00 -0.00000000e+00
 -1.60000000e+00 -6.55293652e-16
 -1.58400000e+00 -4.49679857e-16
 -1.56800000e+00 1.31137848e-15
 -1.55200000e+00 3.00166302e-16
 -1.53600000e+00 -0.00000000e+00
 -1.52000000e+00 7.78168457e-16
 -1.50400000e+00 1.02493919e-15
 -1.48800000e+00 2.45750789e-15
 -1.47200000e+00 2.34838695e-15
 -1.45600000e+00 -1.00000000e+00
 -1.44000000e+00 1.00000000e+00
 -1.42400000e+00 -1.00000000e+00
 -1.40800000e+00 1.00000000e+00
 -1.39200000e+00 -1.00000000e+00
 -1.37600000e+00 -1.00000000e+00
 -1.36000000e+00 -1.00000000e+00
 -1.34400000e+00 -1.00000000e+00
 -1.32800000e+00 -0.00000000e+00
 -1.31200000e+00 1.48430869e-16
 -1.29600000e+00 -0.00000000e+00
 -1.28000000e+00 -0.00000000e+00
 -1.26400000e+00 -2.77293419e-16
 -1.24800000e+00 -1.64178492e-16
 -1.23200000e+00 -0.00000000e+00
 -1.21600000e+00 2.58947115e-17
 -1.20000000e+00 -2.16039548e-17
 -1.18400000e+00 1.29302879e-16
 -1.16800000e+00 -6.44915763e-17
 -1.15200000e+00 1.14590871e-16
 -1.13600000e+00 -7.75386203e-17
 -1.12000000e+00 2.36365742e-17
 -1.10400000e+00 -4.37522803e-17
 -1.08800000e+00 2.04625196e-17
 -1.07200000e+00 1.93202119e-17
 -1.05600000e+00 -0.00000000e+00
 -1.04000000e+00 -3.52668878e-17
 -1.02400000e+00 -3.40176573e-17
 -1.00800000e+00 -0.00000000e+00
 -9.92000000e-01 -0.00000000e+00
 -9.76000000e-01 6.26696795e-17
 -9.60000000e-01 6.13049663e-17
 -9.44000000e-01 -0.00000000e+00
 -9.28000000e-01 -0.00000000e+00
 -9.12000000e-01 -2.87942126e-17
 -8.96000000e-01 -0.00000000e+00
 -8.80000000e-01 -2.75099984e-17
 -8.64000000e-01 -0.00000000e+00
 -8.48000000e-01 -2.61050541e-17
 -8.32000000e-01 -0.00000000e+00
 -8.16000000e-01 2.46016118e-17
 -8.00000000e-01 -4.76720222e-17
 -7.84000000e-01 2.30769725e-17
 -7.68000000e-01 -0.00000000e+00
 -7.52000000e-01 -2.16256058e-17
 -7.36000000e-01 -0.00000000e+00
 -7.20000000e-01 -0.00000000e+00
 -7.04000000e-01 -0.00000000e+00
 -6.88000000e-01 -3.84786091e-17
 -6.72000000e-01 1.87812082e-17
 -6.56000000e-01 1.83823471e-17
 -6.40000000e-01 3.60846505e-17
 -6.24000000e-01 -3.55195422e-17
 -6.08000000e-01 -0.00000000e+00
 -5.92000000e-01 -3.47154147e-17
 -5.76000000e-01 3.44638912e-17
 -5.60000000e-01 -0.00000000e+00
 -5.44000000e-01 -3.42228236e-17
 -5.28000000e-01 3.42148954e-17
 -5.12000000e-01 3.42684328e-17
 -4.96000000e-01 -0.00000000e+00
 -4.80000000e-01 -3.45151401e-17
 -4.64000000e-01 -0.00000000e+00
 -4.48000000e-01 -0.00000000e+00
 -4.32000000e-01 -0.00000000e+00
 -4.16000000e-01 -0.00000000e+00
 -4.00000000e-01 -1.77035017e-17
 -3.84000000e-01 -0.00000000e+00
 -3.68000000e-01 -1.78316957e-17
 -3.52000000e-01 -0.00000000e+00
 -3.36000000e-01 -0.00000000e+00
 -3.20000000e-01 -0.00000000e+00
 -3.04000000e-01 -0.00000000e+00
 -2.88000000e-01 1.78777136e-17
 -2.72000000e-01 -0.00000000e+00
 -2.56000000e-01 -0.00000000e+00
 -2.40000000e-01 -0.00000000e+00
 -2.24000000e-01 -0.00000000e+00
 -2.08000000e-01 -0.00000000e+00
 -1.92000000e-01 -3.53263672e-17
 -1.76000000e-01 -0.00000000e+00
 -1.60000000e-01 -3.52307106e-17
 -1.44000000e-01 -0.00000000e+00
 -1.28000000e-01 -0.00000000e+00
 -1.12000000e-01 -3.51941740e-17
 -9.60000000e-02 -0.00000000e+00
 -8.00000000e-02 3.52266489e-17
 -6.40000000e-02 -0.00000000e+00
 -4.80000000e-02 -0.00000000e+00
 -3.20000000e-02 -0.00000000e+00
 -1.60000000e-02 3.53222766e-17
 0.00000000e+00 -0.00000000e+00
 1.60000000e-02 0.00000000e+00
 3.20000000e-02 0.00000000e+00
 4.80000000e-02 -3.53222766e-17
 6.40000000e-02 0.00000000e+00
 8.00000000e-02 0.00000000e+00
 9.60000000e-02 0.00000000e+00
 1.12000000e-01 -3.52266489e-17
 1.28000000e-01 0.00000000e+00
 1.44000000e-01 3.51941740e-17
 1.60000000e-01 0.00000000e+00
 1.76000000e-01 0.00000000e+00
 1.92000000e-01 3.52307106e-17
 2.08000000e-01 0.00000000e+00
 2.24000000e-01 3.53263672e-17
 2.40000000e-01 0.00000000e+00
 2.56000000e-01 0.00000000e+00
 2.72000000e-01 0.00000000e+00
 2.88000000e-01 0.00000000e+00
 3.04000000e-01 0.00000000e+00
 3.20000000e-01 -1.78777136e-17
 3.36000000e-01 0.00000000e+00
 3.52000000e-01 0.00000000e+00
 3.68000000e-01 0.00000000e+00
 3.84000000e-01 0.00000000e+00
 4.00000000e-01 1.78316957e-17
 4.16000000e-01 0.00000000e+00
 4.32000000e-01 1.77035017e-17
 4.48000000e-01 0.00000000e+00
 4.64000000e-01 0.00000000e+00
 4.80000000e-01 0.00000000e+00
 4.96000000e-01 0.00000000e+00
 5.12000000e-01 3.45151401e-17
 5.28000000e-01 0.00000000e+00
 5.44000000e-01 -3.42684328e-17
 5.60000000e-01 -3.42148954e-17
 5.76000000e-01 3.42228236e-17
 5.92000000e-01 0.00000000e+00
 6.08000000e-01 -3.44638912e-17
 6.24000000e-01 3.47154147e-17
 6.40000000e-01 0.00000000e+00
 6.56000000e-01 3.55195422e-17
 6.72000000e-01 -3.60846505e-17
 6.88000000e-01 -1.83823471e-17
 7.04000000e-01 -1.87812082e-17
 7.20000000e-01 3.84786091e-17
 7.36000000e-01 0.00000000e+00
 7.52000000e-01 0.00000000e+00
 7.68000000e-01 0.00000000e+00
 7.84000000e-01 2.16256058e-17
 8.00000000e-01 0.00000000e+00
 8.16000000e-01 -2.30769725e-17
 8.32000000e-01 4.76720222e-17
 8.48000000e-01 -2.46016118e-17
 8.64000000e-01 0.00000000e+00
 8.80000000e-01 2.61050541e-17
 8.96000000e-01 0.00000000e+00
 9.12000000e-01 2.75099984e-17
 9.28000000e-01 0.00000000e+00
 9.44000000e-01 2.87942126e-17
 9.60000000e-01 0.00000000e+00
 9.76000000e-01 0.00000000e+00
 9.92000000e-01 -6.13049663e-17
 1.00800000e+00 -6.26696795e-17
 1.02400000e+00 0.00000000e+00
 1.04000000e+00 0.00000000e+00
 1.05600000e+00 3.40176573e-17
 1.07200000e+00 3.52668878e-17
 1.08800000e+00 0.00000000e+00
 1.10400000e+00 -1.93202119e-17
 1.12000000e+00 -2.04625196e-17
 1.13600000e+00 4.37522803e-17
 1.15200000e+00 -2.36365742e-17
 1.16800000e+00 7.75386203e-17
 1.18400000e+00 -1.14590871e-16
 1.20000000e+00 6.44915763e-17
 1.21600000e+00 -1.29302879e-16
 1.23200000e+00 2.16039548e-17
 1.24800000e+00 -2.58947115e-17
 1.26400000e+00 0.00000000e+00
 1.28000000e+00 1.64178492e-16
 1.29600000e+00 2.77293419e-16
 1.31200000e+00 0.00000000e+00
 1.32800000e+00 0.00000000e+00
 1.34400000e+00 -1.48430869e-16
 1.36000000e+00 0.00000000e+00
 1.37600000e+00 1.00000000e+00
 1.39200000e+00 1.00000000e+00
 1.40800000e+00 1.00000000e+00
 1.42400000e+00 1.00000000e+00
 1.44000000e+00 -1.00000000e+00
 1.45600000e+00 1.00000000e+00
 1.47200000e+00 -1.00000000e+00
 1.48800000e+00 1.00000000e+00
 1.50400000e+00 -2.34838695e-15
 1.52000000e+00 -2.45750789e-15
 1.53600000e+00 -1.02493919e-15
 1.55200000e+00 -7.78168457e-16
 1.56800000e+00 0.00000000e+00
 1.58400000e+00 -3.00166302e-16
 1.60000000e+00 -1.31137848e-15
 1.61600000e+00 4.49679857e-16
 1.63200000e+00 6.55293652e-16
 1.64800000e+00 0.00000000e+00
 1.66400000e+00 0.00000000e+00
 1.68000000e+00 -1.14966765e-15
 1.69600000e+00 4.17371557e-15
 1.71200000e+00 1.00000000e+00
 1.72800000e+00 1.00000000e+00
 1.74400000e+00 1.00000000e+00
 1.76000000e+00 1.00000000e+00
 1.77600000e+00 1.00000000e+00
 1.79200000e+00 1.00000000e+00
 1.80800000e+00 1.00000000e+00
 1.82400000e+00 1.00000000e+00
 1.84000000e+00 -1.00000000e+00
 1.85600000e+00 -1.00000000e+00
 1.87200000e+00 1.00000000e+00
 1.88800000e+00 1.00000000e+00
 1.90400000e+00 1.00000000e+00
 1.92000000e+00 -5.72087149e-14
 1.93600000e+00 7.36247893e-15
 1.95200000e+00 -1.33061658e-15
 1.96800000e+00 -9.50047354e-16
 1.98400000e+00 1.93185681e-16
 2.00000000e+00 1.02540451e-15
