 -2.00000000e+00 -1.00000000e+00
 -1.98400000e+00 1.00000000e+00
 -1.96800000e+00 -1.00000000e+00
 -1.95200000e+00 -1.00000000e+00
 -1.93600000e+00 1.00000000e+00
 -1.92000000e+00 -1.00000000e+00
 -1.90400000e+00 -1.00000000e+00
 -1.88800000e+00 1.00000000e+00
 -1.87200000e+00 1.00000000e+00
 -1.85600000e+00 -1.00000000e+00
 -1.84000000e+00 1.00000000e+00
 -1.82400000e+00 -2.25812940e-14
 -1.80800000e+00 1.03124763e-14
 -1.79200000e+00 -0.00000000e+00
 -1.77600000e+00 -1.88578163e-15
 -1.76000000e+00 -5.08948858e-15
 -1.74400000e+00 -5.20971348e-15
 -1.72800000e+00 -3.85057076e-16
 -1.71200000e+00 -7.93186043e-16
 -1.69600000e+00 -6.63593259e-16
 -1.68000000e+00 -6.40797494e-16
 -1.66400000e+00 -1.98304973e-15
 -1.64800000e+00 -6.45101158e-16
 -1.63200000e+00 -0.00000000e+00
 -1.61600000e+00 -0.00000000e+00
 -1.60000000e+00 8.25958415e-16
 -1.58400000e+00 -9.91176130e-16
 -1.56800000e+00 -0.00000000e+00
 -1.55200000e+00 5.72920583e-15
 -1.53600000e+00 -1.25700446e-14
 -1.52000000e+00 1.00000000e+00
 -1.50400000e+00 1.00000000e+00
 -1.48800000e+00 1.00000000e+00
 -1.47200000e+00 -1.00000000e+00
 -1.45600000e+00 1.00000000e+00
 -1.44000000e+00 -1.00000000e+00
 -1.42400000e+00 1.00000000e+00
 -1.40800000e+00 -1.00000000e+00
 -1.39200000e+00 1.00000000e+00
 -1.37600000e+00 -1.00000000e+00
 -1.36000000e+00 -1.00000000e+00
 -1.34400000e+00 1.00000000e+00
 -1.32800000e+00 -1.00000000e+00
 -1.31200000e+00 1.00000000e+00
 -1.29600000e+00 1.00000000e+00
 -1.28000000e+00 1.00000000e+00
 -1.26400000e+00 -1.00000000e+00
 -1.24800000e+00 -1.00000000e+00
 -1.23200000e+00 -1.00000000e+00
 -1.21600000e+00 1.88335453e-14
 -1.20000000e+00 2.92705291e-15
 -1.18400000e+00 4.15069414e-16
 -1.16800000e+00 -1.59808148e-16
 -1.15200000e+00 -1.51850007e-16
 -1.13600000e+00 -5.75383373e-17
 -1.12000000e+00 -0.00000000e+00
 -1.10400000e+00 -2.95636900e-16
 -1.08800000e+00 6.15073608e-17
 -1.07200000e+00 2.08518981e-16
 -1.05600000e+00 -0.00000000e+00
 -1.04000000e+00 7.81766457e-17
 -1.02400000e+00 -3.44423731e-17
 -1.00800000e+00 1.22577008e-16
 -9.92000000e-01 -8.25041212e-17
 -9.76000000e-01 4.97470896e-17
 -9.60000000e-01 6.79696910e-17
 -9.44000000e-01 4.15431505e-17
 -9.28000000e-01 -5.74738834e-17
 -9.12000000e-01 -3.55369456e-17
 -8.96000000e-01 -9.93949667e-17
 -8.80000000e-01 -0.00000000e+00
 -8.64000000e-01 -0.00000000e+00
 -8.48000000e-01 -0.00000000e+00
 -8.32000000e-01 2.62160727e-17
 -8.16000000e-01 -0.00000000e+00
 -8.00000000e-01 -0.00000000e+00
 -7.84000000e-01 6.88181172e-17
 -7.68000000e-01 -2.20951784e-17
 -7.52000000e-01 2.13511104e-17
 -7.36000000e-01 -0.00000000e+00
 -7.20000000e-01 -2.01202905e-17
 -7.04000000e-01 1.96157214e-17
 -6.88000000e-01 -1.91751421e-17
 -6.72000000e-01 1.87923073e-17
 -6.56000000e-01 1.84617269e-17
 -6.40000000e-01 1.81785386e-17
 -6.24000000e-01 -0.00000000e+00
 -6.08000000e-01 -3.54747977e-17
 -5.92000000e-01 -0.00000000e+00
 -5.76000000e-01 -0.00000000e+00
 -5.60000000e-01 -0.00000000e+00
 -5.44000000e-01 -0.00000000e+00
 -5.28000000e-01 3.44076562e-17
 -5.12000000e-01 -0.00000000e+00
 -4.96000000e-01 -0.00000000e+00
 -4.80000000e-01 -3.43189950e-17
 -4.64000000e-01 -0.00000000e+00
 -4.48000000e-01 -0.00000000e+00
 -4.32000000e-01 -0.00000000e+00
 -4.16000000e-01 -0.00000000e+00
 -4.00000000e-01 -0.00000000e+00
 -3.84000000e-01 -0.00000000e+00
 -3.68000000e-01 -0.00000000e+00
 -3.52000000e-01 3.49907038e-17
 -3.36000000e-01 -0.00000000e+00
 -3.20000000e-01 -0.00000000e+00
 -3.04000000e-01 -0.00000000e+00
 -2.88000000e-01 1.76814195e-17
 -2.72000000e-01 1.77155139e-17
 -2.56000000e-01 -3.54868957e-17
 -2.40000000e-01 -3.55300675e-17
 -2.24000000e-01 -0.00000000e+00
 -2.08000000e-01 1.77895081e-17
 -1.92000000e-01 -1.77930639e-17
 -1.76000000e-01 -1.77915576e-17
 -1.60000000e-01 -0.00000000e+00
 -1.44000000e-01 -1.77762994e-17
 -1.28000000e-01 -5.32926658e-17
 -1.12000000e-01 -0.00000000e+00
 -9.60000000e-02 -0.00000000e+00
 -8.00000000e-02 -1.77208557e-17
 -6.40000000e-02 1.77068650e-17
 -4.80000000e-02 -1.76943685e-17
 -3.20000000e-02 -0.00000000e+00
 -1.60000000e-02 -1.76761968e-17
 0.00000000e+00 -0.00000000e+00
 1.60000000e-02 0.00000000e+00
 3.20000000e-02 0.00000000e+00
 4.80000000e-02 1.76761968e-17
 6.40000000e-02 0.00000000e+00
 8.00000000e-02 1.76943685e-17
 9.60000000e-02 -1.77068650e-17
 1.12000000e-01 1.77208557e-17
 1.28000000e-01 0.00000000e+00
 1.44000000e-01 0.00000000e+00
 1.60000000e-01 5.32926658e-17
 1.76000000e-01 1.77762994e-17
 1.92000000e-01 0.00000000e+00
 2.08000000e-01 1.77915576e-17
 2.24000000e-01 1.77930639e-17
 2.40000000e-01 -1.77895081e-17
 2.56000000e-01 0.00000000e+00
 2.72000000e-01 3.55300675e-17
 2.88000000e-01 3.54868957e-17
 3.04000000e-01 -1.77155139e-17
 3.20000000e-01 -1.76814195e-17
 3.36000000e-01 0.00000000e+00
 3.52000000e-01 0.00000000e+00
 3.68000000e-01 0.00000000e+00
 3.84000000e-01 -3.49907038e-17
 4.00000000e-01 0.00000000e+00
 4.16000000e-01 0.00000000e+00
 4.32000000e-01 0.00000000e+00
 4.48000000e-01 0.00000000e+00
 4.64000000e-01 0.00000000e+00
 4.80000000e-01 0.00000000e+00
 4.96000000e-01 0.00000000e+00
 5.12000000e-01 3.43189950e-17
 5.28000000e-01 0.00000000e+00
 5.44000000e-01 0.00000000e+00
 5.60000000e-01 -3.44076562e-17
 5.76000000e-01 0.00000000e+00
 5.92000000e-01 0.00000000e+00
 6.08000000e-01 0.00000000e+00
 6.24000000e-01 0.00000000e+00
 6.40000000e-01 3.54747977e-17
 6.56000000e-01 0.00000000e+00
 6.72000000e-01 -1.81785386e-17
 6.88000000e-01 -1.84617269e-17
 7.04000000e-01 -1.87923073e-17
 7.20000000e-01 1.91751421e-17
 7.36000000e-01 -1.96157214e-17
 7.52000000e-01 2.01202905e-17
 7.68000000e-01 0.00000000e+00
 7.84000000e-01 -2.13511104e-17
 8.00000000e-01 2.20951784e-17
 8.16000000e-01 -6.88181172e-17
 8.32000000e-01 0.00000000e+00
 8.48000000e-01 0.00000000e+00
 8.64000000e-01 -2.62160727e-17
 8.80000000e-01 0.00000000e+00
 8.96000000e-01 0.00000000e+00
 9.12000000e-01 0.00000000e+00
 9.28000000e-01 9.93949667e-17
 9.44000000e-01 3.55369456e-17
 9.60000000e-01 5.74738834e-17
 9.76000000e-01 -4.15431505e-17
 9.92000000e-01 -6.79696910e-17
 1.00800000e+00 -4.97470896e-17
 1.02400000e+00 8.25041212e-17
 1.04000000e+00 -1.22577008e-16
 1.05600000e+00 3.44423731e-17
 1.07200000e+00 -7.81766457e-17
 1.08800000e+00 0.00000000e+00
 1.10400000e+00 -2.08518981e-16
 1.12000000e+00 -6.15073608e-17
 1.13600000e+00 2.95636900e-16
 1.15200000e+00 0.00000000e+00
 1.16800000e+00 5.75383373e-17
 1.18400000e+00 1.51850007e-16
 1.20000000e+00 1.59808148e-16
 1.21600000e+00 -4.15069414e-16
 1.23200000e+00 -2.92705291e-15
 1.24800000e+00 -1.88335453e-14
 1.26400000e+00 1.00000000e+00
 1.28000000e+00 1.00000000e+00
 1.29600000e+00 1.00000000e+00
 1.31200000e+00 -1.00000000e+00
 1.32800000e+00 -1.00000000e+00
 1.34400000e+00 -1.00000000e+00
 1.36000000e+00 1.00000000e+00
 1.37600000e+00 -1.00000000e+00
 1.39200000e+00 1.00000000e+00
 1.40800000e+00 1.00000000e+00
 1.42400000e+00 -1.00000000e+00
 1.44000000e+00 1.00000000e+00
 1.45600000e+00 -1.00000000e+00
 1.47200000e+00 1.00000000e+00
 1.48800000e+00 -1.00000000e+00
 1.50400000e+00 1.00000000e+00
 1.52000000e+00 -1.00000000e+00
 1.53600000e+00 -1.00000000e+00
 1.55200000e+00 -1.00000000e+00
 1.56800000e+00 1.25700446e-14
 1.58400000e+00 -5.72920583e-15
 1.60000000e+00 0.00000000e+00
 1.61600000e+00 9.91176130e-16
 1.63200000e+00 -8.25958415e-16
 1.64800000e+00 0.00000000e+00
 1.66400000e+00 0.00000000e+00
 1.68000000e+00 6.45101158e-16
 1.69600000e+00 1.98304973e-15
 1.71200000e+00 6.40797494e-16
 1.72800000e+00 6.63593259e-16
 1.74400000e+00 7.93186043e-16
 1.76000000e+00 3.85057076e-16
 1.77600000e+00 5.20971348e-15
 1.79200000e+00 5.08948858e-15
 1.80800000e+00 1.88578163e-15
 1.82400000e+00 0.00000000e+00
 1.84000000e+00 -1.03124763e-14
 1.85600000e+00 2.25812940e-14
 1.87200000e+00 -1.00000000e+00
 1.88800000e+00 1.00000000e+00
 1.90400000e+00 -1.00000000e+00
 1.92000000e+00 -1.00000000e+00
 1.93600000e+00 1.00000000e+00
 1.95200000e+00 1.00000000e+00
 1.96800000e+00 -1.00000000e+00
 1.98400000e+00 1.00000000e+00
 2.00000000e+00 1.00000000e+00
