 -2.00000000e+00 -3.71046078e-16
 -1.98400000e+00 3.71046078e-16
 -1.96800000e+00 3.49265921e-16
 -1.95200000e+00 1.34123832e-16
 -1.93600000e+00 6.57684339e-16
 -1.92000000e+00 9.09347558e-16
 -1.90400000e+00 3.92608253e-16
 -1.88800000e+00 9.36603812e-17
 -1.87200000e+00 -7.57584446e-16
 -1.85600000e+00 -2.55647362e-15
 -1.84000000e+00 -7.91205735e-15
 -1.82400000e+00 1.00000000e+00
 -1.80800000e+00 1.00000000e+00
 -1.79200000e+00 -1.00000000e+00
 -1.77600000e+00 1.00000000e+00
 -1.76000000e+00 -1.00000000e+00
 -1.74400000e+00 -1.00000000e+00
 -1.72800000e+00 1.00000000e+00
 -1.71200000e+00 -1.00000000e+00
 -1.69600000e+00 1.00000000e+00
 -1.68000000e+00 -1.00000000e+00
 -1.66400000e+00 -1.00000000e+00
 -1.64800000e+00 -1.00000000e+00
 -1.63200000e+00 -1.00000000e+00
 -1.61600000e+00 -1.00000000e+00
 -1.60000000e+00 1.00000000e+00
 -1.58400000e+00 -1.00000000e+00
 -1.56800000e+00 -1.00000000e+00
 -1.55200000e+00 1.00000000e+00
 -1.53600000e+00 1.00000000e+00
 -1.52000000e+00 2.51267821e-15
 -1.50400000e+00 -8.80305595e-16
 -1.48800000e+00 2.69338774e-16
 -1.47200000e+00 3.93641353e-16
 -1.45600000e+00 -0.00000000e+00
 -1.44000000e+00 -2.68323109e-16
 -1.42400000e+00 -1.19153047e-16
 -1.40800000e+00 -1.91716376e-16
 -1.39200000e+00 -1.55650667e-16
 -1.37600000e+00 -0.00000000e+00
 -1.36000000e+00 -2.52305510e-17
 -1.34400000e+00 -2.58984675e-16
 -1.32800000e+00 -1.09468076e-16
 -1.31200000e+00 -2.98978970e-17
 -1.29600000e+00 -1.36108401e-16
 -1.28000000e+00 -3.27255329e-16
 -1.26400000e+00 -4.27199824e-16
 -1.24800000e+00 -3.23576769e-16
 -1.23200000e+00 3.45210397e-15
 -1.21600000e+00 1.00000000e+00
 -1.20000000e+00 1.00000000e+00
 -1.18400000e+00 -1.00000000e+00
 -1.16800000e+00 1.00000000e+00
 -1.15200000e+00 -1.00000000e+00
 -1.13600000e+00 -1.00000000e+00
 -1.12000000e+00 -1.00000000e+00
 -1.10400000e+00 -1.00000000e+00
 -1.08800000e+00 1.00000000e+00
 -1.07200000e+00 -1.00000000e+00
 -1.05600000e+00 -1.00000000e+00
 -1.04000000e+00 1.00000000e+00
 -1.02400000e+00 1.00000000e+00
 -1.00800000e+00 1.00000000e+00
 -9.92000000e-01 -1.00000000e+00
 -9.76000000e-01 -1.00000000e+00
 -9.60000000e-01 1.00000000e+00
 -9.44000000e-01 -1.56276702e-15
 -9.28000000e-01 1.52862884e-16
 -9.12000000e-01 -0.00000000e+00
 -8.96000000e-01 1.26703690e-16
 -8.80000000e-01 -3.57636218e-16
 -8.64000000e-01 3.77731601e-17
 -8.48000000e-01 -3.10154403e-17
 -8.32000000e-01 5.23282168e-17
 -8.16000000e-01 2.25477347e-17
 -8.00000000e-01 -5.93216127e-17
 -7.84000000e-01 7.03937443e-17
 -7.68000000e-01 -0.00000000e+00
 -7.52000000e-01 2.89133644e-17
 -7.36000000e-01 -0.00000000e+00
 -7.20000000e-01 -0.00000000e+00
 -7.04000000e-01 -0.00000000e+00
 -6.88000000e-01 -0.00000000e+00
 -6.72000000e-01 -0.00000000e+00
 -6.56000000e-01 -0.00000000e+00
 -6.40000000e-01 -0.00000000e+00
 -6.24000000e-01 -0.00000000e+00
 -6.08000000e-01 -0.00000000e+00
 -5.92000000e-01 -6.96531253e-17
 -5.76000000e-01 -0.00000000e+00
 -5.60000000e-01 -0.00000000e+00
 -5.44000000e-01 -0.00000000e+00
 -5.28000000e-01 -0.00000000e+00
 -5.12000000e-01 -0.00000000e+00
 -4.96000000e-01 -0.00000000e+00
 -4.80000000e-01 3.25621894e-17
 -4.64000000e-01 -0.00000000e+00
 -4.48000000e-01 -3.27445029e-17
 -4.32000000e-01 3.29218982e-17
 -4.16000000e-01 -0.00000000e+00
 -4.00000000e-01 3.34018206e-17
 -3.84000000e-01 -3.36853123e-17
 -3.68000000e-01 -0.00000000e+00
 -3.52000000e-01 -0.00000000e+00
 -3.36000000e-01 -3.45961402e-17
 -3.20000000e-01 -0.00000000e+00
 -3.04000000e-01 -0.00000000e+00
 -2.88000000e-01 -1.77064603e-17
 -2.72000000e-01 1.78150762e-17
 -2.56000000e-01 5.37173178e-17
 -2.40000000e-01 -0.00000000e+00
 -2.24000000e-01 1.80287295e-17
 -2.08000000e-01 -1.80606753e-17
 -1.92000000e-01 -0.00000000e+00
 -1.76000000e-01 -1.80704153e-17
 -1.60000000e-01 1.80520995e-17
 -1.44000000e-01 -1.80217064e-17
 -1.28000000e-01 1.79821504e-17
 -1.12000000e-01 -0.00000000e+00
 -9.60000000e-02 -1.78877340e-17
 -8.00000000e-02 -0.00000000e+00
 -6.40000000e-02 -0.00000000e+00
 -4.80000000e-02 -0.00000000e+00
 -3.20000000e-02 -3.54335710e-17
 -1.60000000e-02 1.76910530e-17
 0.00000000e+00 -0.00000000e+00
 1.60000000e-02 0.00000000e+00
 3.20000000e-02 0.00000000e+00
 4.80000000e-02 -1.76910530e-17
 6.40000000e-02 3.54335710e-17
 8.00000000e-02 0.00000000e+00
 9.60000000e-02 0.00000000e+00
 1.12000000e-01 0.00000000e+00
 1.28000000e-01 1.78877340e-17
 1.44000000e-01 0.00000000e+00
 1.60000000e-01 -1.79821504e-17
 1.76000000e-01 1.80217064e-17
 1.92000000e-01 -1.80520995e-17
 2.08000000e-01 1.80704153e-17
 2.24000000e-01 0.00000000e+00
 2.40000000e-01 1.80606753e-17
 2.56000000e-01 -1.80287295e-17
 2.72000000e-01 0.00000000e+00
 2.88000000e-01 -5.37173178e-17
 3.04000000e-01 -1.78150762e-17
 3.20000000e-01 1.77064603e-17
 3.36000000e-01 0.00000000e+00
 3.52000000e-01 0.00000000e+00
 3.68000000e-01 3.45961402e-17
 3.84000000e-01 0.00000000e+00
 4.00000000e-01 0.00000000e+00
 4.16000000e-01 3.36853123e-17
 4.32000000e-01 -3.34018206e-17
 4.48000000e-01 0.00000000e+00
 4.64000000e-01 -3.29218982e-17
 4.80000000e-01 3.27445029e-17
 4.96000000e-01 0.00000000e+00
 5.12000000e-01 -3.25621894e-17
 5.28000000e-01 0.00000000e+00
 5.44000000e-01 0.00000000e+00
 5.60000000e-01 0.00000000e+00
 5.76000000e-01 0.00000000e+00
 5.92000000e-01 0.00000000e+00
 6.08000000e-01 0.00000000e+00
 6.24000000e-01 6.96531253e-17
 6.40000000e-01 0.00000000e+00
 6.56000000e-01 0.00000000e+00
 6.72000000e-01 0.00000000e+00
 6.88000000e-01 0.00000000e+00
 7.04000000e-01 0.00000000e+00
 7.20000000e-01 0.00000000e+00
 7.36000000e-01 0.00000000e+00
 7.52000000e-01 0.00000000e+00
 7.68000000e-01 0.00000000e+00
 7.84000000e-01 -2.89133644e-17
 8.00000000e-01 0.00000000e+00
 8.16000000e-01 -7.03937443e-17
 8.32000000e-01 5.93216127e-17
 8.48000000e-01 -2.25477347e-17
 8.64000000e-01 -5.23282168e-17
 8.80000000e-01 3.10154403e-17
 8.96000000e-01 -3.77731601e-17
 9.12000000e-01 3.57636218e-16
 9.28000000e-01 -1.26703690e-16
 9.44000000e-01 0.00000000e+00
 9.60000000e-01 -1.52862884e-16
 9.76000000e-01 1.56276702e-15
 9.92000000e-01 -1.00000000e+00
 1.00800000e+00 1.00000000e+00
 1.02400000e+00 1.00000000e+00
 1.04000000e+00 -1.00000000e+00
 1.05600000e+00 -1.00000000e+00
 1.07200000e+00 -1.00000000e+00
 1.08800000e+00 1.00000000e+00
 1.10400000e+00 1.00000000e+00
 1.12000000e+00 -1.00000000e+00
 1.13600000e+00 1.00000000e+00
 1.15200000e+00 1.00000000e+00
 1.16800000e+00 1.00000000e+00
 1.18400000e+00 1.00000000e+00
 1.20000000e+00 -1.00000000e+00
 1.21600000e+00 1.00000000e+00
 1.23200000e+00 -1.00000000e+00
 1.24800000e+00 -1.00000000e+00
 1.26400000e+00 -3.45210397e-15
 1.28000000e+00 3.23576769e-16
 1.29600000e+00 4.27199824e-16
 1.31200000e+00 3.27255329e-16
 1.32800000e+00 1.36108401e-16
 1.34400000e+00 2.98978970e-17
 1.36000000e+00 1.09468076e-16
 1.37600000e+00 2.58984675e-16
 1.39200000e+00 2.52305510e-17
 1.40800000e+00 0.00000000e+00
 1.42400000e+00 1.55650667e-16
 1.44000000e+00 1.91716376e-16
 1.45600000e+00 1.19153047e-16
 1.47200000e+00 2.68323109e-16
 1.48800000e+00 0.00000000e+00
 1.50400000e+00 -3.93641353e-16
 1.52000000e+00 -2.69338774e-16
 1.53600000e+00 8.80305595e-16
 1.55200000e+00 -2.51267821e-15
 1.56800000e+00 -1.00000000e+00
 1.58400000e+00 -1.00000000e+00
 1.60000000e+00 1.00000000e+00
 1.61600000e+00 1.00000000e+00
 1.63200000e+00 -1.00000000e+00
 1.64800000e+00 1.00000000e+00
 1.66400000e+00 1.00000000e+00
 1.68000000e+00 1.00000000e+00
 1.69600000e+00 1.00000000e+00
 1.71200000e+00 1.00000000e+00
 1.72800000e+00 -1.00000000e+00
 1.74400000e+00 1.00000000e+00
 1.76000000e+00 -1.00000000e+00
 1.77600000e+00 1.00000000e+00
 1.79200000e+00 1.00000000e+00
 1.80800000e+00 -1.00000000e+00
 1.82400000e+00 1.00000000e+00
 1.84000000e+00 -1.00000000e+00
 1.85600000e+00 -1.00000000e+00
 1.87200000e+00 7.91205735e-15
 1.88800000e+00 2.55647362e-15
 1.90400000e+00 7.57584446e-16
 1.92000000e+00 -9.36603812e-17
 1.93600000e+00 -3.92608253e-16
 1.95200000e+00 -9.09347558e-16
 1.96800000e+00 -6.57684339e-16
 1.98400000e+00 -1.34123832e-16
 2.00000000e+00 -3.49265921e-16
