 0.00000000e+00 0.00000000e+00
 4.00000000e-02 4.60000000e-01
 8.00000000e-02 4.20000000e-01
 1.20000000e-01 3.80000000e-01
 1.60000000e-01 3.40000000e-01
 2.00000000e-01 3.00000000e-01
 2.40000000e-01 2.60000000e-01
 2.80000000e-01 2.20000000e-01
 3.20000000e-01 1.80000000e-01
 3.60000000e-01 1.40000000e-01
 4.00000000e-01 1.00000000e-01
 4.40000000e-01 6.00000000e-02
 4.80000000e-01 2.00000000e-02
 5.20000000e-01 -2.00000000e-02
 5.60000000e-01 -6.00000000e-02
 6.00000000e-01 -1.00000000e-01
 6.40000000e-01 -1.40000000e-01
 6.80000000e-01 -1.80000000e-01
 7.20000000e-01 -2.20000000e-01
 7.60000000e-01 -2.60000000e-01
 8.00000000e-01 -3.00000000e-01
 8.40000000e-01 -3.40000000e-01
 8.80000000e-01 -3.80000000e-01
 9.20000000e-01 -4.20000000e-01
 9.60000000e-01 -4.60000000e-01
 1.00000000e+00 -5.00000000e-01
 1.04000000e+00 -5.40000000e-01
 1.08000000e+00 -5.80000000e-01
 1.12000000e+00 -6.20000000e-01
 1.16000000e+00 -6.60000000e-01
 1.20000000e+00 3.00000000e-01
 1.24000000e+00 2.60000000e-01
 1.28000000e+00 2.20000000e-01
 1.32000000e+00 1.80000000e-01
 1.36000000e+00 1.40000000e-01
 1.40000000e+00 1.00000000e-01
 1.44000000e+00 6.00000000e-02
 1.48000000e+00 2.00000000e-02
 1.52000000e+00 -2.00000000e-02
 1.56000000e+00 -6.00000000e-02
 1.60000000e+00 -1.00000000e-01
 1.64000000e+00 -1.40000000e-01
 1.68000000e+00 -1.80000000e-01
 1.72000000e+00 -2.20000000e-01
 1.76000000e+00 -2.60000000e-01
 1.80000000e+00 -3.00000000e-01
 1.84000000e+00 -3.40000000e-01
 1.88000000e+00 -3.80000000e-01
 1.92000000e+00 -4.20000000e-01
 1.96000000e+00 -4.60000000e-01
