 1.00000000e-02 -1.58945318e-01
 2.00000000e-02 -2.49875083e-01
 3.00000000e-02 -3.55537791e-01
 4.00000000e-02 -4.65160939e-01
 5.00000000e-02 4.23466648e-01
 6.00000000e-02 3.11024561e-01
 7.00000000e-02 1.97722998e-01
 8.00000000e-02 8.35707021e-02
 9.00000000e-02 -3.15214038e-02
 1.00000000e-01 -1.47644436e-01
 1.10000000e-01 -2.64725152e-01
 1.20000000e-01 -3.82290342e-01
 1.30000000e-01 -4.99389042e-01
 1.40000000e-01 3.84964723e-01
 1.50000000e-01 2.71054800e-01
 1.60000000e-01 1.58305092e-01
 1.70000000e-01 4.58129329e-02
 1.80000000e-01 -6.71598486e-02
 1.90000000e-01 -1.81063102e-01
 2.00000000e-01 -2.96112337e-01
 2.10000000e-01 -4.12320790e-01
 2.20000000e-01 4.70548785e-01
 2.30000000e-01 3.53056918e-01
 2.40000000e-01 2.36033033e-01
 2.50000000e-01 1.20262641e-01
 2.60000000e-01 6.05415933e-03
 2.70000000e-01 -1.06932896e-01
 2.80000000e-01 -2.19449977e-01
 2.90000000e-01 -3.32280531e-01
 3.00000000e-01 -4.46003504e-01
 3.10000000e-01 4.39074117e-01
 3.20000000e-01 3.22924856e-01
 3.30000000e-01 2.05820909e-01
 3.40000000e-01 8.83439568e-02
 3.50000000e-01 -2.87121232e-02
 3.60000000e-01 -1.44612506e-01
 3.70000000e-01 -2.59022357e-01
 3.80000000e-01 -3.72172465e-01
 3.90000000e-01 -4.84723092e-01
 4.00000000e-01 4.02541252e-01
 4.10000000e-01 2.88972996e-01
 4.20000000e-01 1.74194123e-01
 4.30000000e-01 5.81428932e-02
 4.40000000e-01 -5.89096712e-02
 4.50000000e-01 -1.76379990e-01
 4.60000000e-01 -2.93490612e-01
 4.70000000e-01 -4.09521882e-01
 4.80000000e-01 4.75890689e-01
 4.90000000e-01 3.62594357e-01
 5.00000000e-01 2.50000000e-01
 5.10000000e-01 1.37335025e-01
 5.20000000e-01 2.39071908e-02
 5.30000000e-01 -9.07222182e-02
 5.40000000e-01 -2.06657162e-01
 5.50000000e-01 -3.23643821e-01
 5.60000000e-01 -4.41105752e-01
 5.70000000e-01 4.41724570e-01
 5.80000000e-01 3.25564586e-01
 5.90000000e-01 2.10809169e-01
 6.00000000e-01 9.73704621e-02
 6.10000000e-01 -1.52779355e-02
 6.20000000e-01 -1.27889500e-01
 6.30000000e-01 -2.41187574e-01
 6.40000000e-01 -3.55665110e-01
 6.50000000e-01 -4.71472523e-01
 6.60000000e-01 4.11617629e-01
 6.70000000e-01 2.94169133e-01
 6.80000000e-01 1.76942043e-01
 6.90000000e-01 6.06571186e-02
 7.00000000e-01 -5.42609439e-02
 7.10000000e-01 -1.67842389e-01
 7.20000000e-01 -2.80555002e-01
 7.30000000e-01 -3.93127727e-01
 7.40000000e-01 4.93694581e-01
 7.50000000e-01 3.79369584e-01
 7.60000000e-01 2.63697740e-01
 7.70000000e-01 1.46873896e-01
 7.80000000e-01 2.94452123e-02
 7.90000000e-01 -8.78349205e-02
 8.00000000e-01 -2.04239993e-01
 8.10000000e-01 -3.19316758e-01
 8.20000000e-01 -4.33042804e-01
 8.30000000e-01 4.54170419e-01
 8.40000000e-01 3.41623150e-01
 8.50000000e-01 2.28556855e-01
 8.60000000e-01 1.14383964e-01
 8.70000000e-01 -1.14605869e-03
 8.80000000e-01 -1.17875730e-01
 8.90000000e-01 -2.35277679e-01
 9.00000000e-01 -3.52605086e-01
 9.10000000e-01 -4.69124756e-01
 9.20000000e-01 4.15643404e-01
 9.30000000e-01 3.01770474e-01
 9.40000000e-01 1.88899848e-01
 9.50000000e-01 7.63651993e-02
 9.60000000e-01 -3.65986823e-02
 9.70000000e-01 -1.50620689e-01
 9.80000000e-01 -2.66003783e-01
 9.90000000e-01 -3.82631854e-01
