 0.00000000e+00 0.00000000e+00
 1.00000000e-02 5.05820283e-01
 2.00000000e-02 4.85840924e-01
 3.00000000e-02 4.60513085e-01
 4.00000000e-02 4.23900055e-01
 5.00000000e-02 3.62253442e-01
 6.00000000e-02 2.40288595e-01
 7.00000000e-02 1.20161817e-02
 8.00000000e-02 -2.02237159e-01
 9.00000000e-02 -3.11061577e-01
 1.00000000e-01 -3.65943288e-01
 1.10000000e-01 -3.97768308e-01
 1.20000000e-01 -4.18409282e-01
 1.30000000e-01 -4.32900743e-01
 1.40000000e-01 -4.43671068e-01
 1.50000000e-01 -4.52021347e-01
 1.60000000e-01 -4.58708199e-01
 1.70000000e-01 -4.64200891e-01
 1.80000000e-01 -4.68805870e-01
 1.90000000e-01 -4.72731851e-01
 2.00000000e-01 -4.76126025e-01
 2.10000000e-01 -4.79095277e-01
 2.20000000e-01 -4.81719187e-01
 2.30000000e-01 -4.84058288e-01
 2.40000000e-01 -4.86159492e-01
 2.50000000e-01 -4.88059754e-01
 2.60000000e-01 -4.89788607e-01
 2.70000000e-01 -4.91369958e-01
 2.80000000e-01 -4.92823382e-01
 2.90000000e-01 -4.94165073e-01
 3.00000000e-01 -4.95408554e-01
 3.10000000e-01 -4.96565212e-01
 3.20000000e-01 -4.97644710e-01
 3.30000000e-01 -4.98655306e-01
 3.40000000e-01 -4.99604103e-01
 3.50000000e-01 -5.00497247e-01
 3.60000000e-01 -5.01340085e-01
 3.70000000e-01 -5.02137295e-01
 3.80000000e-01 -5.02892984e-01
 3.90000000e-01 -5.03610781e-01
 4.00000000e-01 -5.04293898e-01
 4.10000000e-01 -5.04945195e-01
 4.20000000e-01 -5.05567226e-01
 4.30000000e-01 -5.06162279e-01
 4.40000000e-01 -5.06732409e-01
 4.50000000e-01 -5.07279472e-01
 4.60000000e-01 -5.07805144e-01
 4.70000000e-01 -5.08310945e-01
 4.80000000e-01 -5.08798259e-01
 4.90000000e-01 -5.09268344e-01
 5.00000000e-01 -5.09722353e-01
 5.10000000e-01 -5.10161338e-01
 5.20000000e-01 -5.10586268e-01
 5.30000000e-01 -5.10998032e-01
 5.40000000e-01 -5.11397450e-01
 5.50000000e-01 -5.11785278e-01
 5.60000000e-01 -5.12162216e-01
 5.70000000e-01 -5.12528913e-01
 5.80000000e-01 -5.12885972e-01
 5.90000000e-01 -5.13233953e-01
 6.00000000e-01 -5.13573377e-01
 6.10000000e-01 -5.13904730e-01
 6.20000000e-01 -5.14228468e-01
 6.30000000e-01 -5.14545017e-01
 6.40000000e-01 -5.14854776e-01
 6.50000000e-01 -5.15158118e-01
 6.60000000e-01 -5.15455397e-01
 6.70000000e-01 -5.15746944e-01
 6.80000000e-01 -5.16033073e-01
 6.90000000e-01 -5.16314077e-01
 7.00000000e-01 -5.16590238e-01
 7.10000000e-01 -5.16861818e-01
 7.20000000e-01 -5.17129070e-01
 7.30000000e-01 -5.17392231e-01
 7.40000000e-01 -5.17651529e-01
 7.50000000e-01 -5.17907179e-01
 7.60000000e-01 -5.18159388e-01
 7.70000000e-01 -5.18408351e-01
 7.80000000e-01 -5.18654259e-01
 7.90000000e-01 -5.18897290e-01
 8.00000000e-01 -5.19137619e-01
 8.10000000e-01 -5.19375412e-01
 8.20000000e-01 -5.19610830e-01
 8.30000000e-01 -5.19844027e-01
 8.40000000e-01 -5.20075153e-01
 8.50000000e-01 -5.20304351e-01
 8.60000000e-01 -5.20531764e-01
 8.70000000e-01 -5.20757526e-01
 8.80000000e-01 -5.20981770e-01
 8.90000000e-01 -5.21204625e-01
 9.00000000e-01 -5.21426217e-01
 9.10000000e-01 -5.21646669e-01
 9.20000000e-01 -5.21866102e-01
 9.30000000e-01 -5.22084635e-01
 9.40000000e-01 -5.22302384e-01
 9.50000000e-01 -5.22519465e-01
 9.60000000e-01 -5.22735990e-01
 9.70000000e-01 -5.22952073e-01
 9.80000000e-01 -5.23167824e-01
 9.90000000e-01 -5.23383355e-01
