 1.00000000e-02 4.49598375e-01
 2.00000000e-02 -2.23754386e-01
 3.00000000e-02 -2.84364828e-01
 4.00000000e-02 -3.66205062e-01
 5.00000000e-02 -4.51751811e-01
 6.00000000e-02 4.61142898e-01
 7.00000000e-02 3.73005088e-01
 8.00000000e-02 2.83929647e-01
 9.00000000e-02 1.93839566e-01
 1.00000000e-01 1.02619365e-01
 1.10000000e-01 1.03088220e-02
 1.20000000e-01 -8.26011128e-02
 1.30000000e-01 -1.75020883e-01
 1.40000000e-01 -2.65766148e-01
 1.50000000e-01 -3.54496119e-01
 1.60000000e-01 -4.41916690e-01
 1.70000000e-01 4.70912418e-01
 1.80000000e-01 3.83170739e-01
 1.90000000e-01 2.94384714e-01
 2.00000000e-01 2.04332686e-01
 2.10000000e-01 1.12995627e-01
 2.20000000e-01 2.06166448e-02
 2.30000000e-01 -7.21948022e-02
 2.40000000e-01 -1.64497977e-01
 2.50000000e-01 -2.55377392e-01
 2.60000000e-01 -3.44470837e-01
 2.70000000e-01 -4.32181815e-01
 2.80000000e-01 4.80618208e-01
 2.90000000e-01 3.93046045e-01
 3.00000000e-01 3.04468290e-01
 3.10000000e-01 2.14555593e-01
 3.20000000e-01 1.23276675e-01
 3.30000000e-01 3.09224775e-02
 3.40000000e-01 -6.18671369e-02
 3.50000000e-01 -1.54195894e-01
 3.60000000e-01 -2.45218460e-01
 3.70000000e-01 -3.34546756e-01
 3.80000000e-01 -4.22450133e-01
 3.90000000e-01 4.90311425e-01
 4.00000000e-01 4.02851013e-01
 4.10000000e-01 3.14450882e-01
 4.20000000e-01 2.24698154e-01
 4.30000000e-01 1.33524775e-01
 4.40000000e-01 4.12253464e-02
 4.50000000e-01 -5.15544512e-02
 4.60000000e-01 -1.43939017e-01
 4.70000000e-01 -2.35106677e-01
 4.80000000e-01 -3.24638639e-01
 4.90000000e-01 -4.12711580e-01
 5.00000000e-01 -5.00000000e-01
 5.10000000e-01 4.12622193e-01
 5.20000000e-01 3.24382729e-01
 5.30000000e-01 2.34797535e-01
 5.40000000e-01 1.43751864e-01
 5.50000000e-01 5.15243055e-02
 5.60000000e-01 -4.12448602e-02
 5.70000000e-01 -1.33692329e-01
 5.80000000e-01 -2.25003012e-01
 5.90000000e-01 -3.14726071e-01
 6.00000000e-01 -4.02962603e-01
 6.10000000e-01 -4.90312725e-01
 6.20000000e-01 4.22371604e-01
 6.30000000e-01 3.34280345e-01
 6.40000000e-01 2.44865921e-01
 6.50000000e-01 1.53961515e-01
 6.60000000e-01 6.18184500e-02
 6.70000000e-01 -3.09350706e-02
 6.80000000e-01 -1.23444637e-01
 6.90000000e-01 -2.14894255e-01
 7.00000000e-01 -3.04801442e-01
 7.10000000e-01 -3.93201097e-01
 7.20000000e-01 -4.80624504e-01
 7.30000000e-01 4.32104883e-01
 7.40000000e-01 3.44150995e-01
 7.50000000e-01 2.54908479e-01
 7.60000000e-01 1.64154983e-01
 7.70000000e-01 7.21069356e-02
 7.80000000e-01 -2.06242334e-02
 7.90000000e-01 -1.13191629e-01
 8.00000000e-01 -2.04774858e-01
 8.10000000e-01 -2.94861105e-01
 8.20000000e-01 -3.83425421e-01
 8.30000000e-01 -4.70933443e-01
 8.40000000e-01 4.41825429e-01
 8.50000000e-01 3.53998604e-01
 8.60000000e-01 2.64927837e-01
 8.70000000e-01 1.74332744e-01
 8.80000000e-01 8.23890054e-02
 8.90000000e-01 -1.03124010e-02
 9.00000000e-01 -1.02931602e-01
 9.10000000e-01 -1.94642214e-01
 9.20000000e-01 -2.84902963e-01
 9.30000000e-01 -3.73634102e-01
 9.40000000e-01 -4.61237766e-01
 9.50000000e-01 4.51535710e-01
 9.60000000e-01 3.63825685e-01
 9.70000000e-01 2.74925597e-01
 9.80000000e-01 1.84495050e-01
 9.90000000e-01 9.26640342e-02
