 0.00000000e+00 1.13886159e-05
 2.35294118e-02 4.55544636e-05
 4.70588235e-02 8.87504301e-05
 7.05882353e-02 4.94129571e-06
 9.41176471e-02 -4.32663847e-04
 1.17647059e-01 -1.46914282e-03
 1.41176471e-01 -3.34559918e-03
 1.64705882e-01 -6.25696138e-03
 1.88235294e-01 -1.02708658e-02
 2.11764706e-01 -1.51655652e-02
 2.35294118e-01 -2.04994042e-02
 2.58823529e-01 -2.57708386e-02
 2.82352941e-01 -3.05355238e-02
 3.05882353e-01 -3.44496953e-02
 3.29411765e-01 -3.73487655e-02
 3.52941176e-01 -3.92800498e-02
 3.76470588e-01 -4.04629821e-02
 4.00000000e-01 -4.12162024e-02
 4.23529412e-01 -4.22114190e-02
 4.47058824e-01 -4.36477150e-02
 4.70588235e-01 -4.47422669e-02
 4.94117647e-01 -4.11699580e-02
 5.17647059e-01 -2.97563853e-02
 5.41176471e-01 -1.01129132e-02
 5.64705882e-01 1.68358962e-02
 5.88235294e-01 4.79445399e-02
 6.11764706e-01 7.68103510e-02
 6.35294118e-01 9.14879189e-02
 6.58823529e-01 8.35306292e-02
 6.82352941e-01 5.14681287e-02
 7.05882353e-01 -5.11014005e-04
 7.29411765e-01 -6.51589243e-02
 7.52941176e-01 -1.31875414e-01
 7.76470588e-01 -1.89730826e-01
 8.00000000e-01 -2.31137377e-01
 8.23529412e-01 -2.52860480e-01
 8.47058824e-01 -2.58694891e-01
 8.70588235e-01 -2.53555803e-01
 8.94117647e-01 -2.42862641e-01
 9.17647059e-01 -2.29933189e-01
 9.41176471e-01 -2.14756875e-01
 9.64705882e-01 -1.90714157e-01
 9.88235294e-01 -1.38682612e-01
 1.01176471e+00 -3.26384020e-02
 1.03529412e+00 1.39985594e-01
 1.05882353e+00 3.68518467e-01
 1.08235294e+00 6.16590649e-01
 1.10588235e+00 8.39854427e-01
 1.12941176e+00 9.85782358e-01
 1.15294118e+00 1.00000000e+00
 1.17647059e+00 8.63397651e-01
 1.20000000e+00 6.06489207e-01
 1.22352941e+00 2.98103163e-01
 1.24705882e+00 7.09144208e-04
 1.27058824e+00 -2.35159232e-01
 1.29411765e+00 -3.76401671e-01
 1.31764706e+00 -4.22475735e-01
 1.34117647e+00 -4.02868588e-01
 1.36470588e+00 -3.55828876e-01
 1.38823529e+00 -3.09344065e-01
 1.41176471e+00 -2.79037893e-01
 1.43529412e+00 -2.67664136e-01
 1.45882353e+00 -2.66601022e-01
 1.48235294e+00 -2.64320058e-01
 1.50588235e+00 -2.57227772e-01
 1.52941176e+00 -2.43636414e-01
 1.55294118e+00 -2.25012485e-01
 1.57647059e+00 -2.04771332e-01
 1.60000000e+00 -1.86733796e-01
 1.62352941e+00 -1.75377181e-01
 1.64705882e+00 -1.69918007e-01
 1.67058824e+00 -1.72041263e-01
 1.69411765e+00 -1.80854855e-01
 1.71764706e+00 -1.93132254e-01
 1.74117647e+00 -2.06937787e-01
 1.76470588e+00 -2.17452181e-01
 1.78823529e+00 -2.24960795e-01
 1.81176471e+00 -2.25577365e-01
 1.83529412e+00 -2.15579997e-01
 1.85882353e+00 -1.92907417e-01
 1.88235294e+00 -1.54778692e-01
 1.90588235e+00 -1.01957910e-01
 1.92941176e+00 -3.36018951e-02
 1.95294118e+00 4.84216655e-02
 1.97647059e+00 1.39943706e-01
 2.00000000e+00 2.36749904e-01
