 1.00100100e-02 -8.32797600e-01
 1.20120120e-02 -6.68422538e-01
 1.40140140e-02 -5.56142697e-01
 1.60160160e-02 -4.58289815e-01
 1.80180180e-02 -3.76565708e-01
 2.00200200e-02 -2.99548835e-01
 2.20220220e-02 -2.30253347e-01
 2.40240240e-02 -1.86129093e-01
 2.60260260e-02 -1.28195475e-01
 2.80280280e-02 -8.44010289e-02
 3.00300300e-02 -3.41378604e-02
 3.20320320e-02 -3.55382322e-02
 3.40340340e-02 -1.15638039e-02
 3.60360360e-02 -9.84815053e-03
 3.80380380e-02 9.90166162e-03
 4.00400400e-02 1.31754168e-02
 4.20420420e-02 -5.66570950e-03
 4.40440440e-02 4.16990410e-03
 4.60460460e-02 -4.66884598e-03
 4.80480480e-02 -3.92451391e-03
 5.00500501e-02 8.71048725e-03
 5.20520521e-02 -8.58273002e-03
 5.40540541e-02 -3.51373086e-03
 5.60560561e-02 6.00048285e-03
 5.80580581e-02 -7.63676548e-03
 6.00600601e-02 -1.83636510e-03
 6.20620621e-02 1.59401256e-02
 6.40640641e-02 3.62320222e-03
 6.60660661e-02 -9.91449244e-03
 6.80680681e-02 -1.97314454e-02
 7.00700701e-02 -1.56367998e-02
 7.20720721e-02 -2.28727698e-02
 7.40740741e-02 -6.30242793e-03
 7.60760761e-02 3.64110444e-03
 7.80780781e-02 1.59064721e-02
 8.00800801e-02 2.23456818e-02
 8.20820821e-02 8.10397855e-03
 8.40840841e-02 1.60331189e-02
 8.60860861e-02 1.94310537e-02
 8.80880881e-02 1.52177810e-02
 9.00900901e-02 2.93797084e-03
 9.20920921e-02 -3.42801136e-03
 9.40940941e-02 -1.71082367e-03
 9.60960961e-02 6.01910305e-03
 9.80980981e-02 -1.09462293e-02
 1.00100100e-01 1.31160959e-03
 1.02102102e-01 5.30575260e-03
 1.04104104e-01 -1.92043040e-03
 1.06106106e-01 8.17249343e-03
 1.08108108e-01 -4.11751287e-03
 1.10110110e-01 6.80935100e-03
 1.12112112e-01 9.12506381e-03
 1.14114114e-01 -1.43934053e-03
 1.16116116e-01 -1.34047966e-02
 1.18118118e-01 1.22668160e-02
 1.20120120e-01 -1.13941012e-02
 1.22122122e-01 -7.50303557e-03
 1.24124124e-01 -9.81121921e-03
 1.26126126e-01 -2.29513241e-03
 1.28128128e-01 4.82202545e-03
 1.30130130e-01 5.25406285e-03
 1.32132132e-01 1.23998277e-02
 1.34134134e-01 -1.16144352e-02
 1.36136136e-01 1.03885632e-02
 1.38138138e-01 1.47560585e-02
 1.40140140e-01 3.07644867e-02
 1.42142142e-01 2.33412884e-02
 1.44144144e-01 4.00910694e-02
 1.46146146e-01 3.80672544e-02
 1.48148148e-01 5.81933105e-03
 1.50150150e-01 1.19492806e-02
 1.52152152e-01 9.57351980e-03
 1.54154154e-01 -7.50911973e-03
 1.56156156e-01 8.30596780e-03
 1.58158158e-01 -4.30049629e-03
 1.60160160e-01 8.76174759e-03
 1.62162162e-01 -9.30526106e-04
 1.64164164e-01 -1.95854844e-02
 1.66166166e-01 -1.72920294e-02
 1.68168168e-01 -1.05095180e-02
 1.70170170e-01 -1.54788972e-02
 1.72172172e-01 1.32386762e-02
 1.74174174e-01 -6.21454289e-03
 1.76176176e-01 5.72102356e-03
 1.78178178e-01 1.04947172e-02
 1.80180180e-01 -2.60393072e-04
 1.82182182e-01 -3.41517564e-03
 1.84184184e-01 -1.38982415e-02
 1.86186186e-01 3.23056471e-03
 1.88188188e-01 -1.28891266e-02
 1.90190190e-01 9.42824688e-03
 1.92192192e-01 2.24456750e-02
 1.94194194e-01 2.30455705e-02
 1.96196196e-01 2.64830493e-02
 1.98198198e-01 2.30788442e-02
 2.00200200e-01 1.36523756e-02
 2.02202202e-01 9.52175174e-03
 2.04204204e-01 -6.80839367e-03
 2.06206206e-01 -1.19193452e-02
 2.08208208e-01 1.32987548e-02
 2.10210210e-01 -1.27774113e-02
 2.12212212e-01 1.08190465e-02
 2.14214214e-01 9.12057165e-03
 2.16216216e-01 1.56942654e-02
 2.18218218e-01 2.12749398e-02
 2.20220220e-01 3.89071182e-02
 2.22222222e-01 3.30788935e-02
 2.24224224e-01 2.99581487e-02
 2.26226226e-01 3.20907194e-02
 2.28228228e-01 1.44633861e-02
 2.30230230e-01 3.47400948e-02
 2.32232232e-01 2.85375472e-02
 2.34234234e-01 1.80866185e-02
 2.36236236e-01 1.77441680e-02
 2.38238238e-01 9.05865588e-03
 2.40240240e-01 -1.46104338e-02
 2.42242242e-01 -1.52841944e-02
 2.44244244e-01 -1.53511736e-02
 2.46246246e-01 -9.64086378e-03
 2.48248248e-01 4.55562925e-04
 2.50250250e-01 1.61716062e-02
 2.52252252e-01 -1.14775994e-02
 2.54254254e-01 7.48790345e-03
 2.56256256e-01 8.01920306e-03
 2.58258258e-01 -5.13470073e-03
 2.60260260e-01 1.39667239e-02
 2.62262262e-01 1.06374379e-02
 2.64264264e-01 -2.77363985e-03
 2.66266266e-01 -2.04792699e-02
 2.68268268e-01 -3.14428691e-02
 2.70270270e-01 -3.77512139e-02
 2.72272272e-01 -5.59267764e-02
 2.74274274e-01 -3.81875665e-02
 2.76276276e-01 -2.73027754e-02
 2.78278278e-01 -3.32331952e-02
 2.80280280e-01 -2.91942114e-02
 2.82282282e-01 -3.43329677e-02
 2.84284284e-01 5.69420540e-03
 2.86286286e-01 2.58084057e-02
 2.88288288e-01 -2.33251956e-02
 2.90290290e-01 -7.20073363e-03
 2.92292292e-01 -2.43941437e-02
 2.94294294e-01 -2.74819685e-03
 2.96296296e-01 7.84709190e-03
 2.98298298e-01 -5.70924791e-03
 3.00300300e-01 5.10607959e-03
 3.02302302e-01 -5.38467291e-03
 3.04304304e-01 -6.25561538e-03
 3.06306306e-01 1.09609037e-02
 3.08308308e-01 3.11104884e-02
 3.10310310e-01 5.21621028e-02
 3.12312312e-01 7.60217184e-02
 3.14314314e-01 1.08532315e-01
 3.16316316e-01 1.17479129e-01
 3.18318318e-01 1.10017476e-01
 3.20320320e-01 1.32672750e-01
 3.22322322e-01 1.24358798e-01
 3.24324324e-01 1.22414661e-01
 3.26326326e-01 9.72502490e-02
 3.28328328e-01 7.57059159e-02
 3.30330330e-01 5.18136180e-02
 3.32332332e-01 3.01039989e-02
 3.34334334e-01 1.51077022e-02
 3.36336336e-01 1.00430356e-02
 3.38338338e-01 5.00494703e-03
 3.40340340e-01 -1.90979670e-02
 3.42342342e-01 -2.23019921e-02
 3.44344344e-01 -2.36985318e-02
 3.46346346e-01 -1.69657517e-03
 3.48348348e-01 -1.47576045e-02
 3.50350350e-01 6.43263005e-03
 3.52352352e-01 6.48199229e-04
 3.54354354e-01 1.33857979e-02
 3.56356356e-01 5.31484900e-02
 3.58358358e-01 5.32237559e-02
 3.60360360e-01 6.23846403e-02
 3.62362362e-01 7.42860777e-02
 3.64364364e-01 1.06205050e-01
 3.66366366e-01 1.30799116e-01
 3.68368368e-01 1.82405624e-01
 3.70370370e-01 2.28432792e-01
 3.72372372e-01 2.38913504e-01
 3.74374374e-01 2.74431831e-01
 3.76376376e-01 2.89272627e-01
 3.78378378e-01 2.95463530e-01
 3.80380380e-01 2.95845828e-01
 3.82382382e-01 3.06384164e-01
 3.84384384e-01 3.29919826e-01
 3.86386386e-01 3.29924021e-01
 3.88388388e-01 3.28923075e-01
 3.90390390e-01 3.08760898e-01
 3.92392392e-01 2.98525496e-01
 3.94394394e-01 2.61650253e-01
 3.96396396e-01 2.34908073e-01
 3.98398398e-01 2.06477608e-01
 4.00400400e-01 1.46164805e-01
 4.02402402e-01 1.09077450e-01
 4.04404404e-01 7.15831697e-02
 4.06406406e-01 3.36716387e-02
 4.08408408e-01 -1.12291480e-02
 4.10410410e-01 -5.52554999e-02
 4.12412412e-01 -1.16790446e-01
 4.14414414e-01 -1.64348248e-01
 4.16416416e-01 -2.07125583e-01
 4.18418418e-01 -2.49069785e-01
 4.20420420e-01 -2.91503515e-01
 4.22422422e-01 -3.55434473e-01
 4.24424424e-01 -4.01502906e-01
 4.26426426e-01 -4.25782132e-01
 4.28428428e-01 -4.54529194e-01
 4.30430430e-01 -4.89066754e-01
 4.32432432e-01 -4.99221411e-01
 4.34434434e-01 -5.11250209e-01
 4.36436436e-01 -5.04164108e-01
 4.38438438e-01 -4.77963486e-01
 4.40440440e-01 -4.68079801e-01
 4.42442442e-01 -4.33829026e-01
 4.44444444e-01 -3.87020573e-01
 4.46446446e-01 -3.19778813e-01
 4.48448448e-01 -2.64910534e-01
 4.50450450e-01 -1.94855068e-01
 4.52452452e-01 -1.27983505e-01
 4.54454454e-01 -7.08559147e-02
 4.56456456e-01 -1.16596598e-02
 4.58458458e-01 3.64835120e-02
 4.60460460e-01 8.80109086e-02
 4.62462462e-01 1.33737791e-01
 4.64464464e-01 1.85476794e-01
 4.66466466e-01 2.26169163e-01
 4.68468468e-01 2.57128846e-01
 4.70470470e-01 2.84919136e-01
 4.72472472e-01 3.04292300e-01
 4.74474474e-01 3.24436303e-01
 4.76476476e-01 3.25644880e-01
 4.78478478e-01 3.10430132e-01
 4.80480480e-01 3.14089720e-01
 4.82482482e-01 2.68246765e-01
 4.84484484e-01 2.46256672e-01
 4.86486486e-01 1.87616578e-01
 4.88488488e-01 1.99802621e-01
 4.90490490e-01 1.55382805e-01
 4.92492492e-01 1.11964503e-01
 4.94494494e-01 1.11407057e-01
 4.96496496e-01 6.95855557e-02
 4.98498498e-01 5.46060600e-02
 5.00500501e-01 4.00864419e-02
 5.02502503e-01 2.32666201e-02
 5.04504505e-01 2.23838891e-02
 5.06506507e-01 2.81164880e-02
 5.08508509e-01 3.37673278e-02
 5.10510511e-01 1.16746634e-02
 5.12512513e-01 1.30477827e-02
 5.14514515e-01 1.17008713e-02
 5.16516517e-01 -1.79182016e-04
 5.18518519e-01 -8.09577700e-03
 5.20520521e-01 7.60245775e-03
 5.22522523e-01 5.49875588e-04
 5.24524525e-01 -8.87232789e-03
 5.26526527e-01 -8.10355361e-03
 5.28528529e-01 1.04688497e-02
 5.30530531e-01 -1.10265706e-02
 5.32532533e-01 -2.77941703e-02
 5.34534535e-01 -3.92983358e-02
 5.36536537e-01 -6.46129810e-02
 5.38538539e-01 -6.24445659e-02
 5.40540541e-01 -7.68013877e-02
 5.42542543e-01 -7.82009298e-02
 5.44544545e-01 -7.65307547e-02
 5.46546547e-01 -6.33057211e-02
 5.48548549e-01 -4.18517115e-02
 5.50550551e-01 -5.61770232e-02
 5.52552553e-01 -2.43057013e-02
 5.54554555e-01 5.67605240e-04
 5.56556557e-01 -7.19269735e-03
 5.58558559e-01 1.58094678e-03
 5.60560561e-01 -3.41036495e-03
 5.62562563e-01 9.11590776e-03
 5.64564565e-01 -1.58939686e-02
 5.66566567e-01 1.57053092e-02
 5.68568569e-01 -8.99278974e-03
 5.70570571e-01 -1.33206515e-02
 5.72572573e-01 -1.45712682e-02
 5.74574575e-01 -8.96468326e-03
 5.76576577e-01 -2.66527443e-02
 5.78578579e-01 -3.14147794e-02
 5.80580581e-01 -3.27729451e-02
 5.82582583e-01 -2.05643583e-02
 5.84584585e-01 -3.05578944e-02
 5.86586587e-01 -1.97822716e-02
 5.88588589e-01 -2.00693573e-02
 5.90590591e-01 -1.33822529e-02
 5.92592593e-01 1.70313257e-02
 5.94594595e-01 1.44800888e-02
 5.96596597e-01 2.17834227e-02
 5.98598599e-01 2.92036310e-02
 6.00600601e-01 8.63031359e-03
 6.02602603e-01 1.85672439e-02
 6.04604605e-01 4.00903736e-02
 6.06606607e-01 3.06536072e-02
 6.08608609e-01 3.03880147e-02
 6.10610611e-01 -1.94016360e-03
 6.12612613e-01 5.29620529e-03
 6.14614615e-01 -6.19700564e-03
 6.16616617e-01 -1.07244221e-02
 6.18618619e-01 9.54576325e-03
 6.20620621e-01 -8.77041228e-03
 6.22622623e-01 -1.04302652e-02
 6.24624625e-01 -2.24534104e-02
 6.26626627e-01 -3.54109256e-03
 6.28628629e-01 -2.26307767e-02
 6.30630631e-01 1.14450591e-02
 6.32632633e-01 -9.62112915e-03
 6.34634635e-01 -3.84817127e-03
 6.36636637e-01 9.69523404e-03
 6.38638639e-01 -6.43231529e-03
 6.40640641e-01 -3.05804811e-03
 6.42642643e-01 -2.81220542e-02
 6.44644645e-01 -3.63885702e-02
 6.46646647e-01 -4.82386309e-02
 6.48648649e-01 -5.78065516e-02
 6.50650651e-01 -5.00402961e-02
 6.52652653e-01 -3.74468834e-02
 6.54654655e-01 -6.28661307e-03
 6.56656657e-01 7.31144867e-03
 6.58658659e-01 2.65130660e-03
 6.60660661e-01 -2.68220407e-03
 6.62662663e-01 3.18067937e-03
 6.64664665e-01 -1.43022965e-02
 6.66666667e-01 -5.69449697e-02
 6.68668669e-01 -6.22521527e-02
 6.70670671e-01 -8.84635664e-02
 6.72672673e-01 -7.43963593e-02
 6.74674675e-01 -6.64792284e-02
 6.76676677e-01 -5.60227608e-02
 6.78678679e-01 -3.43375432e-02
 6.80680681e-01 -4.91646087e-02
 6.82682683e-01 -2.61977464e-02
 6.84684685e-01 -2.36766769e-02
 6.86686687e-01 -2.63503075e-02
 6.88688689e-01 -1.63428731e-02
 6.90690691e-01 -1.90856957e-02
 6.92692693e-01 -1.14536665e-02
 6.94694695e-01 -2.28151153e-02
 6.96696697e-01 -1.42969019e-02
 6.98698699e-01 -8.70567620e-03
 7.00700701e-01 2.33030818e-05
 7.02702703e-01 1.13930973e-02
 7.04704705e-01 2.59705660e-03
 7.06706707e-01 -4.55204634e-03
 7.08708709e-01 -2.36745097e-02
 7.10710711e-01 -1.04242871e-02
 7.12712713e-01 1.35097836e-02
 7.14714715e-01 -9.96998577e-03
 7.16716717e-01 -1.66612079e-02
 7.18718719e-01 5.77381154e-03
 7.20720721e-01 9.10616652e-03
 7.22722723e-01 -1.02596657e-02
 7.24724725e-01 -8.52200133e-03
 7.26726727e-01 -7.09291709e-03
 7.28728729e-01 -7.60218101e-03
 7.30730731e-01 -1.29918971e-02
 7.32732733e-01 9.22890144e-03
 7.34734735e-01 -7.19568979e-03
 7.36736737e-01 -9.23231249e-03
 7.38738739e-01 6.63849620e-03
 7.40740741e-01 -9.76133649e-03
 7.42742743e-01 -1.03454130e-02
 7.44744745e-01 -8.10848277e-03
 7.46746747e-01 -5.46374336e-03
 7.48748749e-01 -3.51205641e-03
 7.50750751e-01 2.02677637e-02
 7.52752753e-01 1.22814171e-02
 7.54754755e-01 3.57325040e-02
 7.56756757e-01 4.22760684e-02
 7.58758759e-01 7.01813273e-02
 7.60760761e-01 9.73500439e-02
 7.62762763e-01 1.09557997e-01
 7.64764765e-01 1.04391989e-01
 7.66766767e-01 1.22745908e-01
 7.68768769e-01 1.38584511e-01
 7.70770771e-01 1.63930295e-01
 7.72772773e-01 1.59624655e-01
 7.74774775e-01 1.75747833e-01
 7.76776777e-01 1.82327576e-01
 7.78778779e-01 1.92698717e-01
 7.80780781e-01 1.93879380e-01
 7.82782783e-01 2.00166783e-01
 7.84784785e-01 1.95604423e-01
 7.86786787e-01 1.64235800e-01
 7.88788789e-01 1.60970554e-01
 7.90790791e-01 1.65915175e-01
 7.92792793e-01 1.36866444e-01
 7.94794795e-01 1.19547648e-01
 7.96796797e-01 1.07188638e-01
 7.98798799e-01 1.06142625e-01
 8.00800801e-01 8.33927394e-02
 8.02802803e-01 7.54759181e-02
 8.04804805e-01 7.69343475e-02
 8.06806807e-01 6.91868544e-02
 8.08808809e-01 5.07126331e-02
 8.10810811e-01 3.83635812e-02
 8.12812813e-01 2.40572131e-02
 8.14814815e-01 3.51441141e-02
 8.16816817e-01 2.81087278e-02
 8.18818819e-01 3.16139754e-02
 8.20820821e-01 2.97033557e-02
 8.22822823e-01 2.87300785e-02
 8.24824825e-01 6.17596274e-03
 8.26826827e-01 1.17013050e-02
 8.28828829e-01 1.22892366e-02
 8.30830831e-01 -1.42728105e-04
 8.32832833e-01 6.65420508e-03
 8.34834835e-01 -1.38215148e-02
 8.36836837e-01 -1.44927149e-02
 8.38838839e-01 -2.91736058e-02
 8.40840841e-01 -2.56356585e-02
 8.42842843e-01 -3.72671421e-02
 8.44844845e-01 -4.88998951e-02
 8.46846847e-01 -5.06150998e-02
 8.48848849e-01 -6.39900017e-02
 8.50850851e-01 -5.67960717e-02
 8.52852853e-01 -6.24215790e-02
 8.54854855e-01 -6.70106980e-02
 8.56856857e-01 -8.29543224e-02
 8.58858859e-01 -5.57142119e-02
 8.60860861e-01 -3.57390030e-02
 8.62862863e-01 -5.37922928e-02
 8.64864865e-01 -4.35248174e-02
 8.66866867e-01 -1.60151346e-02
 8.68868869e-01 8.47184619e-03
 8.70870871e-01 -8.69700995e-03
 8.72872873e-01 9.10985785e-03
 8.74874875e-01 1.02767814e-02
 8.76876877e-01 5.63211747e-03
 8.78878879e-01 -4.82405479e-04
 8.80880881e-01 -5.34671623e-03
 8.82882883e-01 3.23438057e-03
 8.84884885e-01 -2.89469721e-03
 8.86886887e-01 4.10657339e-03
 8.88888889e-01 -1.58158741e-03
 8.90890891e-01 -1.22222334e-02
 8.92892893e-01 -1.10195746e-02
 8.94894895e-01 1.33880249e-02
 8.96896897e-01 -9.97389274e-03
 8.98898899e-01 -6.21106939e-03
 9.00900901e-01 -1.22098289e-02
 9.02902903e-01 -1.10507207e-02
 9.04904905e-01 7.78581035e-03
 9.06906907e-01 -6.15578935e-03
 9.08908909e-01 -3.20158186e-03
 9.10910911e-01 -1.86155555e-03
 9.12912913e-01 1.66401251e-03
 9.14914915e-01 4.61316547e-03
 9.16916917e-01 -1.13446556e-02
 9.18918919e-01 4.37015610e-03
 9.20920921e-01 1.70187113e-02
 9.22922923e-01 2.59338335e-02
 9.24924925e-01 5.40703938e-02
 9.26926927e-01 4.30184334e-02
 9.28928929e-01 3.41055266e-02
 9.30930931e-01 5.15988803e-02
 9.32932933e-01 5.67735753e-02
 9.34934935e-01 8.57078420e-02
 9.36936937e-01 1.02301433e-01
 9.38938939e-01 1.17698196e-01
 9.40940941e-01 1.36480298e-01
 9.42942943e-01 1.17023933e-01
 9.44944945e-01 1.04534948e-01
 9.46946947e-01 8.88268633e-02
 9.48948949e-01 7.15242232e-02
 9.50950951e-01 4.63775569e-02
 9.52952953e-01 3.99457921e-02
 9.54954955e-01 1.97327387e-02
 9.56956957e-01 5.73564463e-03
 9.58958959e-01 2.05764298e-02
 9.60960961e-01 -7.61117467e-03
 9.62962963e-01 4.02816837e-03
 9.64964965e-01 -4.49150760e-03
 9.66966967e-01 5.72328121e-03
 9.68968969e-01 -5.36687201e-03
 9.70970971e-01 4.16466480e-03
 9.72972973e-01 -4.38877341e-03
 9.74974975e-01 6.48945066e-03
 9.76976977e-01 -6.76963541e-03
 9.78978979e-01 3.99826747e-03
 9.80980981e-01 -1.03056553e-03
 9.82982983e-01 1.64708791e-03
 9.84984985e-01 6.31181667e-03
 9.86986987e-01 2.67046329e-02
 9.88988989e-01 2.40731104e-02
 9.90990991e-01 1.74076053e-02
 9.92992993e-01 1.91367937e-02
 9.94994995e-01 1.01932887e-02
 9.96996997e-01 9.56744650e-03
 9.98998999e-01 4.75355998e-03
 1.00100100e+00 -1.00604635e-03
 1.00300300e+00 1.12789835e-02
 1.00500501e+00 -1.03723050e-02
 1.00700701e+00 -8.10390043e-03
 1.00900901e+00 -1.50709927e-03
 1.01101101e+00 5.59625418e-03
 1.01301301e+00 -5.14141425e-03
 1.01501502e+00 6.42945761e-03
 1.01701702e+00 -1.54887103e-03
 1.01901902e+00 -1.24334459e-02
 1.02102102e+00 1.43894988e-02
 1.02302302e+00 -8.93987181e-03
 1.02502503e+00 -1.12824857e-02
 1.02702703e+00 2.08126729e-03
 1.02902903e+00 -1.08744095e-02
 1.03103103e+00 1.11858895e-02
 1.03303303e+00 -1.17376720e-02
 1.03503504e+00 -6.94722853e-03
 1.03703704e+00 -8.08394085e-04
 1.03903904e+00 3.36309485e-03
 1.04104104e+00 7.50084562e-03
 1.04304304e+00 -1.08586466e-02
 1.04504505e+00 1.46091583e-02
 1.04704705e+00 -1.23959395e-02
 1.04904905e+00 5.28289316e-03
 1.05105105e+00 3.01954287e-03
 1.05305305e+00 5.37911441e-04
 1.05505506e+00 3.36997754e-03
 1.05705706e+00 -7.48604950e-03
 1.05905906e+00 8.41727118e-03
 1.06106106e+00 -7.40336759e-03
 1.06306306e+00 5.52983539e-03
 1.06506507e+00 -3.25481085e-03
 1.06706707e+00 1.81127374e-03
 1.06906907e+00 5.81659353e-03
 1.07107107e+00 7.74308287e-03
 1.07307307e+00 2.59713142e-03
 1.07507508e+00 1.16318480e-02
 1.07707708e+00 -4.26711261e-03
 1.07907908e+00 7.64942139e-03
 1.08108108e+00 9.57944071e-03
 1.08308308e+00 1.49020384e-02
 1.08508509e+00 1.33742604e-02
 1.08708709e+00 -1.04961914e-02
 1.08908909e+00 1.07091135e-02
 1.09109109e+00 -5.30784465e-03
 1.09309309e+00 -1.22432029e-02
 1.09509510e+00 -3.29544642e-04
 1.09709710e+00 -2.03009197e-03
 1.09909910e+00 1.18127508e-02
 1.10110110e+00 1.07682665e-02
 1.10310310e+00 -6.23097811e-03
 1.10510511e+00 5.95346347e-03
 1.10710711e+00 -7.58444670e-03
 1.10910911e+00 -5.66185796e-03
 1.11111111e+00 4.13397266e-03
 1.11311311e+00 4.21965105e-03
 1.11511512e+00 3.25850225e-03
 1.11711712e+00 -8.45885208e-03
 1.11911912e+00 -1.96444150e-02
 1.12112112e+00 -1.37608457e-02
 1.12312312e+00 -1.49532180e-02
 1.12512513e+00 -9.30886311e-03
 1.12712713e+00 2.45204287e-05
 1.12912913e+00 5.96222618e-03
 1.13113113e+00 -5.14213209e-03
 1.13313313e+00 5.55849770e-03
 1.13513514e+00 -5.82715676e-03
 1.13713714e+00 4.17289018e-04
 1.13913914e+00 5.65544542e-03
 1.14114114e+00 9.48641801e-03
 1.14314314e+00 2.26376637e-03
 1.14514515e+00 1.08496798e-02
 1.14714715e+00 1.34907229e-02
 1.14914915e+00 -1.15665398e-02
 1.15115115e+00 1.11582863e-02
 1.15315315e+00 2.90770437e-03
 1.15515516e+00 1.68142835e-02
 1.15715716e+00 -1.06534320e-02
 1.15915916e+00 1.04277612e-02
 1.16116116e+00 5.45158837e-03
 1.16316316e+00 1.20524494e-02
 1.16516517e+00 2.04877571e-02
 1.16716717e+00 2.49519325e-02
 1.16916917e+00 3.80120998e-02
 1.17117117e+00 5.25503438e-02
 1.17317317e+00 3.91390381e-02
 1.17517518e+00 4.05290339e-02
 1.17717718e+00 1.04598586e-03
 1.17917918e+00 1.72465193e-02
 1.18118118e+00 3.27256179e-03
 1.18318318e+00 1.10613162e-02
 1.18518519e+00 -5.87521131e-03
 1.18718719e+00 1.06391021e-02
 1.18918919e+00 -1.48444254e-02
 1.19119119e+00 -8.28089472e-03
 1.19319319e+00 1.54180840e-02
 1.19519520e+00 -1.32429338e-02
 1.19719720e+00 4.66231812e-03
 1.19919920e+00 1.57544848e-02
 1.20120120e+00 1.22740817e-02
 1.20320320e+00 1.79576874e-02
 1.20520521e+00 2.24211453e-02
 1.20720721e+00 1.79049710e-02
 1.20920921e+00 1.76470554e-02
 1.21121121e+00 2.30742657e-02
 1.21321321e+00 1.46160936e-02
 1.21521522e+00 1.46967819e-02
 1.21721722e+00 1.29321739e-02
 1.21921922e+00 1.07491371e-02
 1.22122122e+00 1.61362183e-02
 1.22322322e+00 1.08352453e-02
 1.22522523e+00 5.45943724e-03
 1.22722723e+00 -5.08932272e-03
 1.22922923e+00 -7.36684477e-03
 1.23123123e+00 3.01268260e-03
 1.23323323e+00 -1.43180811e-03
 1.23523524e+00 1.28252847e-03
 1.23723724e+00 -4.06294969e-03
 1.23923924e+00 -7.17490073e-03
 1.24124124e+00 -9.03449433e-03
 1.24324324e+00 1.18002749e-02
 1.24524525e+00 -1.02903308e-02
 1.24724725e+00 7.17129149e-03
 1.24924925e+00 -5.28944560e-03
 1.25125125e+00 5.45101564e-03
 1.25325325e+00 -6.17741238e-03
 1.25525526e+00 -1.21206931e-03
 1.25725726e+00 -2.78749055e-03
 1.25925926e+00 -4.90911307e-03
 1.26126126e+00 -5.51938169e-03
 1.26326326e+00 -5.18541316e-03
 1.26526527e+00 3.39969149e-03
 1.26726727e+00 -3.92173351e-03
 1.26926927e+00 5.04849263e-03
 1.27127127e+00 -4.06952575e-03
 1.27327327e+00 -1.00110856e-03
 1.27527528e+00 1.03093024e-03
 1.27727728e+00 -1.64455672e-02
 1.27927928e+00 -7.59829664e-03
 1.28128128e+00 -6.64744748e-03
 1.28328328e+00 6.13085833e-03
 1.28528529e+00 4.03521292e-03
 1.28728729e+00 -5.62655411e-03
 1.28928929e+00 4.65463524e-03
 1.29129129e+00 -3.83323732e-03
 1.29329329e+00 4.79524404e-03
 1.29529530e+00 -6.92341272e-03
 1.29729730e+00 -1.56008957e-02
 1.29929930e+00 -1.45867487e-02
 1.30130130e+00 -2.44253424e-02
 1.30330330e+00 -1.84169526e-02
 1.30530531e+00 -3.28539814e-02
 1.30730731e+00 -3.31626889e-02
 1.30930931e+00 -1.49530625e-02
 1.31131131e+00 -8.18086283e-05
 1.31331331e+00 7.96706975e-03
 1.31531532e+00 1.77256172e-03
 1.31731732e+00 8.03439129e-03
 1.31931932e+00 3.58351607e-03
 1.32132132e+00 -1.76887389e-02
 1.32332332e+00 -2.51456417e-02
 1.32532533e+00 -1.43971796e-02
 1.32732733e+00 1.88629271e-03
 1.32932933e+00 -7.33828301e-03
 1.33133133e+00 6.93852859e-03
 1.33333333e+00 -9.83299263e-03
 1.33533534e+00 1.28424535e-02
 1.33733734e+00 -5.90246681e-03
 1.33933934e+00 -8.73846081e-03
 1.34134134e+00 -1.99067025e-02
 1.34334334e+00 -2.69029589e-02
 1.34534535e+00 -4.08450444e-02
 1.34734735e+00 -4.00423743e-02
 1.34934935e+00 -5.79224744e-02
 1.35135135e+00 -4.65480408e-02
 1.35335335e+00 -3.27849194e-02
 1.35535536e+00 -3.43126043e-02
 1.35735736e+00 -4.50612770e-03
 1.35935936e+00 -6.97674225e-03
 1.36136136e+00 -1.47845195e-02
 1.36336336e+00 3.22804907e-04
 1.36536537e+00 -2.95631036e-03
 1.36736737e+00 8.87974291e-03
 1.36936937e+00 -2.21232817e-04
 1.37137137e+00 -5.94398102e-03
 1.37337337e+00 8.18226144e-03
 1.37537538e+00 -5.44814811e-03
 1.37737738e+00 -1.26066341e-02
 1.37937938e+00 -1.96370691e-02
 1.38138138e+00 -1.31446878e-02
 1.38338338e+00 -2.41397536e-02
 1.38538539e+00 -2.32114775e-02
 1.38738739e+00 -1.50698051e-02
 1.38938939e+00 -3.72330814e-02
 1.39139139e+00 -3.66684700e-02
 1.39339339e+00 -4.82696437e-02
 1.39539540e+00 -3.73764696e-02
 1.39739740e+00 -4.41319645e-02
 1.39939940e+00 -3.65006672e-02
 1.40140140e+00 -3.36282193e-02
 1.40340340e+00 -1.79148551e-02
 1.40540541e+00 -2.42542475e-02
 1.40740741e+00 -6.17524010e-03
 1.40940941e+00 1.45518539e-02
 1.41141141e+00 2.14060652e-02
 1.41341341e+00 2.01761354e-02
 1.41541542e+00 2.71494941e-02
 1.41741742e+00 -8.59847389e-03
 1.41941942e+00 -1.31397759e-02
 1.42142142e+00 8.14038548e-03
 1.42342342e+00 -4.83469291e-03
 1.42542543e+00 -6.10666673e-04
 1.42742743e+00 9.94084328e-04
 1.42942943e+00 -2.02523775e-03
 1.43143143e+00 4.80788165e-03
 1.43343343e+00 -7.51067720e-03
 1.43543544e+00 -4.33727473e-03
 1.43743744e+00 -1.04915817e-02
 1.43943944e+00 -3.11082295e-02
 1.44144144e+00 -2.80147630e-02
 1.44344344e+00 -2.99678607e-02
 1.44544545e+00 -1.32307630e-02
 1.44744745e+00 -1.57465002e-02
 1.44944945e+00 1.51609578e-02
 1.45145145e+00 1.30460155e-03
 1.45345345e+00 1.32060899e-04
 1.45545546e+00 -3.63801055e-04
 1.45745746e+00 -9.56544930e-03
 1.45945946e+00 6.95169143e-03
 1.46146146e+00 -5.91057873e-03
 1.46346346e+00 7.01842014e-03
 1.46546547e+00 -8.80825604e-03
 1.46746747e+00 -2.36823069e-03
 1.46946947e+00 1.25471345e-02
 1.47147147e+00 -5.49078496e-03
 1.47347347e+00 -7.53531835e-03
 1.47547548e+00 -5.05122032e-03
 1.47747748e+00 -1.86895973e-02
 1.47947948e+00 -1.00464375e-02
 1.48148148e+00 -7.64686305e-03
 1.48348348e+00 -8.51993316e-03
 1.48548549e+00 5.09168385e-03
 1.48748749e+00 -2.61835670e-03
 1.48948949e+00 5.36897826e-03
 1.49149149e+00 4.61529295e-03
 1.49349349e+00 4.49251960e-03
 1.49549550e+00 6.49857468e-03
 1.49749750e+00 -7.55151077e-03
 1.49949950e+00 7.30463526e-03
 1.50150150e+00 -5.95885577e-03
 1.50350350e+00 -4.13415465e-03
 1.50550551e+00 4.17317940e-03
 1.50750751e+00 -5.24640840e-03
 1.50950951e+00 -1.09892069e-02
 1.51151151e+00 -4.52640373e-03
 1.51351351e+00 6.92278208e-03
 1.51551552e+00 1.22021236e-02
 1.51751752e+00 1.04129121e-02
 1.51951952e+00 2.31643342e-03
 1.52152152e+00 -7.63018810e-03
 1.52352352e+00 6.03455599e-03
 1.52552553e+00 5.98944503e-03
 1.52752753e+00 5.51447963e-03
 1.52952953e+00 2.32299040e-03
 1.53153153e+00 -8.49636393e-03
 1.53353353e+00 -3.02260711e-03
 1.53553554e+00 1.10128801e-02
 1.53753754e+00 2.11153711e-03
 1.53953954e+00 -3.90665089e-03
 1.54154154e+00 -8.88681288e-03
 1.54354354e+00 -1.47513879e-03
 1.54554555e+00 -1.99227727e-04
 1.54754755e+00 2.73561983e-03
 1.54954955e+00 -1.82664210e-03
 1.55155155e+00 -2.91853233e-03
 1.55355355e+00 2.66303656e-03
 1.55555556e+00 -4.13676787e-03
 1.55755756e+00 -1.55322501e-03
 1.55955956e+00 7.01568396e-03
 1.56156156e+00 -7.08810741e-03
 1.56356356e+00 6.52173871e-03
 1.56556557e+00 -4.19748930e-03
 1.56756757e+00 -6.76281698e-03
 1.56956957e+00 -5.30628272e-03
 1.57157157e+00 5.21507938e-03
 1.57357357e+00 -6.95674477e-03
 1.57557558e+00 -5.39038093e-03
 1.57757758e+00 5.70641562e-03
 1.57957958e+00 3.99279063e-03
 1.58158158e+00 -7.78134025e-03
 1.58358358e+00 9.75039604e-03
 1.58558559e+00 -5.64954082e-03
 1.58758759e+00 -5.87846546e-03
 1.58958959e+00 -1.10104913e-02
 1.59159159e+00 6.79199816e-03
 1.59359359e+00 -2.34440358e-03
 1.59559560e+00 -6.04092505e-04
 1.59759760e+00 3.89996093e-03
 1.59959960e+00 -8.83602578e-03
 1.60160160e+00 1.20832778e-02
 1.60360360e+00 -2.89833177e-03
 1.60560561e+00 -1.10829360e-02
 1.60760761e+00 1.04431836e-02
 1.60960961e+00 -9.08928774e-03
 1.61161161e+00 6.17959832e-03
 1.61361361e+00 -3.94726272e-03
 1.61561562e+00 4.53658587e-03
 1.61761762e+00 -7.27389237e-03
 1.61961962e+00 9.08289602e-03
 1.62162162e+00 -1.35969346e-03
 1.62362362e+00 5.83234435e-03
 1.62562563e+00 -3.34231835e-03
 1.62762763e+00 3.87157420e-03
 1.62962963e+00 -6.74012124e-03
 1.63163163e+00 -1.95642810e-03
 1.63363363e+00 6.08122413e-03
 1.63563564e+00 -3.42751306e-03
 1.63763764e+00 2.80338450e-03
 1.63963964e+00 -3.98579012e-03
 1.64164164e+00 5.37042267e-03
 1.64364364e+00 -6.66953114e-03
 1.64564565e+00 3.68148380e-03
 1.64764765e+00 1.03843125e-02
 1.64964965e+00 4.58659784e-03
 1.65165165e+00 1.74973055e-03
 1.65365365e+00 -3.48934875e-03
 1.65565566e+00 -1.78060354e-02
 1.65765766e+00 -1.47493027e-02
 1.65965966e+00 -9.90311804e-03
 1.66166166e+00 5.08862145e-03
 1.66366366e+00 5.77361978e-03
 1.66566567e+00 -4.75068681e-03
 1.66766767e+00 6.19331629e-03
 1.66966967e+00 -8.55984346e-03
 1.67167167e+00 1.05944444e-02
 1.67367367e+00 8.84363734e-03
 1.67567568e+00 1.84999903e-02
 1.67767768e+00 2.99365521e-02
 1.67967968e+00 3.22140360e-02
 1.68168168e+00 3.01411863e-02
 1.68368368e+00 1.80280600e-02
 1.68568569e+00 1.24944252e-02
 1.68768769e+00 3.91333084e-03
 1.68968969e+00 -6.84348637e-03
 1.69169169e+00 -9.71793809e-03
 1.69369369e+00 -1.17123034e-02
 1.69569570e+00 1.26922234e-03
 1.69769770e+00 8.29220708e-03
 1.69969970e+00 -7.44820048e-03
 1.70170170e+00 1.23680749e-02
 1.70370370e+00 1.04846840e-02
 1.70570571e+00 2.01507779e-02
 1.70770771e+00 1.68727250e-02
 1.70970971e+00 8.96529327e-03
 1.71171171e+00 1.52419378e-02
 1.71371371e+00 1.51460354e-02
 1.71571572e+00 2.09293614e-02
 1.71771772e+00 1.20352924e-02
 1.71971972e+00 -9.67840661e-03
 1.72172172e+00 5.65523418e-03
 1.72372372e+00 -1.81576680e-03
 1.72572573e+00 2.90554253e-03
 1.72772773e+00 -7.74684639e-03
 1.72972973e+00 9.46144085e-03
 1.73173173e+00 -7.41553040e-03
 1.73373373e+00 8.68625293e-03
 1.73573574e+00 4.27307085e-03
 1.73773774e+00 -5.10810316e-03
 1.73973974e+00 6.08174744e-03
 1.74174174e+00 9.42025901e-03
 1.74374374e+00 -2.25560767e-04
 1.74574575e+00 1.24514990e-03
 1.74774775e+00 3.57504964e-03
 1.74974975e+00 -3.49320290e-03
 1.75175175e+00 3.90378583e-03
 1.75375375e+00 3.69765085e-03
 1.75575576e+00 -2.55792560e-03
 1.75775776e+00 -8.05991740e-03
 1.75975976e+00 8.65460116e-03
 1.76176176e+00 -1.06426945e-02
 1.76376376e+00 1.15243315e-02
 1.76576577e+00 -2.12696164e-03
 1.76776777e+00 -4.33598803e-03
 1.76976977e+00 2.27633208e-03
 1.77177177e+00 -4.88990740e-03
 1.77377377e+00 -3.36976872e-03
 1.77577578e+00 1.44775890e-02
 1.77777778e+00 -1.53538115e-02
 1.77977978e+00 -1.99265033e-03
 1.78178178e+00 1.08494261e-02
 1.78378378e+00 -1.06997103e-02
 1.78578579e+00 -1.02350334e-02
 1.78778779e+00 6.27799526e-03
 1.78978979e+00 1.12444437e-03
 1.79179179e+00 4.83085251e-03
 1.79379379e+00 1.64276952e-02
 1.79579580e+00 6.07405702e-03
 1.79779780e+00 4.49788911e-02
 1.79979980e+00 7.57422269e-02
 1.80180180e+00 8.82081882e-02
 1.80380380e+00 1.28651345e-01
 1.80580581e+00 1.30485375e-01
 1.80780781e+00 1.28068876e-01
 1.80980981e+00 1.18595240e-01
 1.81181181e+00 1.26711968e-01
 1.81381381e+00 1.14074431e-01
 1.81581582e+00 8.56450909e-02
 1.81781782e+00 9.49428370e-02
 1.81981982e+00 7.86886596e-02
 1.82182182e+00 8.38397692e-02
 1.82382382e+00 7.33638749e-02
 1.82582583e+00 7.45331480e-02
 1.82782783e+00 6.47509931e-02
 1.82982983e+00 5.29168780e-02
 1.83183183e+00 5.44919503e-02
 1.83383383e+00 4.42549426e-02
 1.83583584e+00 3.11053229e-02
 1.83783784e+00 2.65672307e-02
 1.83983984e+00 2.24797662e-02
 1.84184184e+00 2.11807175e-02
 1.84384384e+00 1.58215208e-02
 1.84584585e+00 2.71126674e-02
 1.84784785e+00 2.45835463e-02
 1.84984985e+00 -1.23907809e-03
 1.85185185e+00 -1.12720111e-02
 1.85385385e+00 -9.73914454e-03
 1.85585586e+00 -2.57987535e-02
 1.85785786e+00 -1.51149021e-02
 1.85985986e+00 -1.33905593e-02
 1.86186186e+00 1.06038373e-02
 1.86386386e+00 -7.61829272e-03
 1.86586587e+00 3.88017327e-04
 1.86786787e+00 4.29770020e-02
 1.86986987e+00 4.58738152e-02
 1.87187187e+00 6.21001992e-02
 1.87387387e+00 5.28143787e-02
 1.87587588e+00 5.79147362e-02
 1.87787788e+00 4.77458484e-02
 1.87987988e+00 3.46470425e-02
 1.88188188e+00 4.14563335e-02
 1.88388388e+00 2.40826025e-02
 1.88588589e+00 1.19255443e-02
 1.88788789e+00 1.07628064e-02
 1.88988989e+00 -1.16041669e-02
 1.89189189e+00 -1.09056769e-02
 1.89389389e+00 -1.73916484e-03
 1.89589590e+00 7.88621747e-03
 1.89789790e+00 -4.01164733e-03
 1.89989990e+00 2.51139500e-03
 1.90190190e+00 -4.49623105e-03
 1.90390390e+00 -1.13297471e-02
 1.90590591e+00 1.40248733e-02
 1.90790791e+00 2.06339727e-02
 1.90990991e+00 1.25670384e-02
 1.91191191e+00 1.57823208e-03
 1.91391391e+00 1.67096752e-03
 1.91591592e+00 -1.25214200e-02
 1.91791792e+00 8.61871663e-03
 1.91991992e+00 -6.34524555e-03
 1.92192192e+00 5.88686414e-03
 1.92392392e+00 -5.00832978e-04
 1.92592593e+00 -5.84738693e-03
 1.92792793e+00 5.39333614e-03
 1.92992993e+00 -4.65383411e-03
 1.93193193e+00 4.09077270e-03
 1.93393393e+00 -5.38452091e-03
 1.93593594e+00 9.16548908e-03
 1.93793794e+00 -1.34690931e-02
 1.93993994e+00 -7.85523486e-03
 1.94194194e+00 -4.27298448e-03
 1.94394394e+00 -1.81915114e-02
 1.94594595e+00 -1.38988826e-02
 1.94794795e+00 -2.12999631e-02
 1.94994995e+00 -2.83048671e-02
 1.95195195e+00 -3.59470686e-02
 1.95395395e+00 -2.68873379e-02
 1.95595596e+00 -1.79071805e-02
 1.95795796e+00 -2.05387578e-02
 1.95995996e+00 -8.25648863e-03
 1.96196196e+00 -2.67132694e-02
 1.96396396e+00 -3.36354874e-02
 1.96596597e+00 -4.97416559e-02
 1.96796797e+00 -5.37555374e-02
 1.96996997e+00 -6.77079811e-02
 1.97197197e+00 -8.21337732e-02
 1.97397397e+00 -8.88800359e-02
 1.97597598e+00 -8.50432351e-02
 1.97797798e+00 -8.47802044e-02
 1.97997998e+00 -8.51874097e-02
 1.98198198e+00 -8.20489811e-02
 1.98398398e+00 -7.24613845e-02
 1.98598599e+00 -7.05814534e-02
 1.98798799e+00 -4.72589346e-02
 1.98998999e+00 -3.76480369e-02
 1.99199199e+00 1.83718841e-03
 1.99399399e+00 5.04782281e-02
 1.99599600e+00 1.00679928e-01
 1.99799800e+00 1.46159472e-01
 2.00000000e+00 2.02943752e-01
