 1.20120120e-02 -9.15097330e-01
 1.40140140e-02 -7.06274723e-01
 1.60160160e-02 -5.33409092e-01
 1.80180180e-02 -3.95868153e-01
 2.00200200e-02 -2.79896261e-01
 2.20220220e-02 -1.86173468e-01
 2.40240240e-02 -1.29815521e-01
 2.60260260e-02 -6.95077209e-02
 2.80280280e-02 -3.08645026e-02
 3.00300300e-02 9.05612966e-03
 3.20320320e-02 -5.54398578e-03
 3.40340340e-02 4.70759295e-03
 3.60360360e-02 -5.48860824e-03
 3.80380380e-02 6.39305211e-03
 4.00400400e-02 7.66949145e-03
 4.20420420e-02 -7.25448010e-03
 4.40440440e-02 6.15524850e-03
 4.60460460e-02 -3.82510248e-03
 4.80480480e-02 -5.68471856e-03
 5.00500501e-02 6.66194089e-03
 5.20520521e-02 -7.77192775e-03
 5.40540541e-02 -1.78986075e-04
 5.60560561e-02 8.92011268e-03
 5.80580581e-02 -9.05474548e-03
 6.00600601e-02 -8.11867291e-03
 6.20620621e-02 8.30632317e-03
 6.40640641e-02 8.14804389e-04
 6.60660661e-02 -4.07736268e-03
 6.80680681e-02 -5.04065190e-03
 7.00700701e-02 4.36345254e-03
 7.20720721e-02 -4.36152749e-03
 7.40740741e-02 4.97985667e-03
 7.60760761e-02 4.93316010e-03
 7.80780781e-02 7.64086928e-03
 8.00800801e-02 7.84143154e-03
 8.20820821e-02 -8.14663772e-03
 8.40840841e-02 1.37262753e-03
 8.60860861e-02 7.70822830e-03
 8.80880881e-02 6.12820673e-03
 9.00900901e-02 -3.77715395e-03
 9.20920921e-02 -7.55748265e-03
 9.40940941e-02 -2.79030647e-03
 9.60960961e-02 7.83957658e-03
 9.80980981e-02 -7.43202641e-03
 1.00100100e-01 3.96047878e-03
 1.02102102e-01 5.36512048e-03
 1.04104104e-01 -4.54852002e-03
 1.06106106e-01 4.70615553e-03
 1.08108108e-01 -6.25419826e-03
 1.10110110e-01 7.37867773e-03
 1.12112112e-01 1.16225538e-02
 1.14114114e-01 4.44345372e-04
 1.16116116e-01 -1.36080895e-02
 1.18118118e-01 1.13170419e-02
 1.20120120e-01 -7.19619597e-03
 1.22122122e-01 2.93666915e-03
 1.24124124e-01 -1.54610221e-04
 1.26126126e-01 -1.93968711e-04
 1.28128128e-01 -2.28596433e-03
 1.30130130e-01 -5.31571659e-03
 1.32132132e-01 8.35392118e-03
 1.34134134e-01 -8.74649456e-03
 1.36136136e-01 6.16083852e-03
 1.38138138e-01 -3.68117861e-03
 1.40140140e-01 4.17359122e-03
 1.42142142e-01 -6.97740655e-03
 1.44144144e-01 8.86715453e-03
 1.46146146e-01 1.15338487e-02
 1.48148148e-01 -1.13689808e-02
 1.50150150e-01 4.42279324e-03
 1.52152152e-01 8.15161600e-03
 1.54154154e-01 -7.17921308e-03
 1.56156156e-01 7.17238708e-03
 1.58158158e-01 -7.45519599e-03
 1.60160160e-01 7.24805248e-03
 1.62162162e-01 4.52585790e-03
 1.64164164e-01 -5.71116589e-03
 1.66166166e-01 1.60305797e-03
 1.68168168e-01 6.42692535e-03
 1.70170170e-01 -8.41846506e-03
 1.72172172e-01 1.05751007e-02
 1.74174174e-01 -1.15857121e-02
 1.76176176e-01 2.31327905e-03
 1.78178178e-01 1.03441345e-02
 1.80180180e-01 1.74712638e-03
 1.82182182e-01 -7.68546668e-05
 1.84184184e-01 -9.11852182e-03
 1.86186186e-01 9.47595050e-03
 1.88188188e-01 -9.17832652e-03
 1.90190190e-01 3.88775181e-03
 1.92192192e-01 5.16906209e-03
 1.94194194e-01 -2.76455908e-03
 1.96196196e-01 -9.44764238e-04
 1.98198198e-01 2.25251078e-04
 2.00200200e-01 -9.19540166e-04
 2.02202202e-01 3.60751460e-03
 2.04204204e-01 -7.64143171e-03
 2.06206206e-01 -1.16135733e-02
 2.08208208e-01 1.32026732e-02
 2.10210210e-01 -1.21811465e-02
 2.12212212e-01 1.00118676e-02
 2.14214214e-01 1.96972464e-03
 2.16216216e-01 -4.70333787e-04
 2.18218218e-01 -4.86050392e-03
 2.20220220e-01 4.01894102e-03
 2.22222222e-01 -4.20441288e-03
 2.24224224e-01 -2.01609473e-03
 2.26226226e-01 7.34292115e-03
 2.28228228e-01 -8.28931331e-03
 2.30230230e-01 8.15556553e-03
 2.32232232e-01 -6.30548316e-04
 2.34234234e-01 -7.94619937e-03
 2.36236236e-01 2.25590151e-03
 2.38238238e-01 7.21810842e-03
 2.40240240e-01 -3.95224833e-03
 2.42242242e-01 9.44746462e-04
 2.44244244e-01 -1.71451817e-03
 2.46246246e-01 -2.84028802e-03
 2.48248248e-01 3.12610084e-04
 2.50250250e-01 1.28995454e-02
 2.52252252e-01 -1.20480339e-02
 2.54254254e-01 9.99123026e-03
 2.56256256e-01 8.81121681e-03
 2.58258258e-01 -8.96184256e-03
 2.60260260e-01 7.35590812e-03
 2.62262262e-01 6.24009629e-03
 2.64264264e-01 9.01141305e-04
 2.66266266e-01 -4.59355446e-03
 2.68268268e-01 -1.49005541e-03
 2.70270270e-01 4.92045264e-03
 2.72272272e-01 -8.45740537e-03
 2.74274274e-01 2.89077525e-03
 2.76276276e-01 5.05823201e-03
 2.78278278e-01 -2.32079777e-03
 2.80280280e-01 4.24615669e-03
 2.82282282e-01 -1.06531579e-02
 2.84284284e-01 1.04859981e-02
 2.86286286e-01 2.03985086e-02
 2.88288288e-01 -1.78618349e-02
 2.90290290e-01 1.18988991e-02
 2.92292292e-01 -7.14371907e-03
 2.94294294e-01 3.94466626e-03
 2.96296296e-01 5.98557861e-03
 2.98298298e-01 -7.04244779e-03
 3.00300300e-01 7.99003199e-03
 3.02302302e-01 -2.71393008e-03
 3.04304304e-01 -1.02901549e-02
 3.06306306e-01 -6.28266201e-03
 3.08308308e-01 -4.03524481e-03
 3.10310310e-01 -3.31276855e-03
 3.12312312e-01 5.69093623e-05
 3.14314314e-01 1.41829394e-02
 3.16316316e-01 8.65976393e-03
 3.18318318e-01 -9.45711204e-03
 3.20320320e-01 6.06769438e-03
 3.22322322e-01 -3.47262018e-03
 3.24324324e-01 2.62385423e-03
 3.26326326e-01 -6.28411364e-03
 3.28328328e-01 -6.38657275e-03
 3.30330330e-01 -6.88984235e-03
 3.32332332e-01 -6.41101027e-03
 3.34334334e-01 -2.78906034e-03
 3.36336336e-01 6.57894661e-03
 3.38338338e-01 1.15885190e-02
 3.40340340e-01 -6.84360600e-03
 3.42342342e-01 -7.98112756e-03
 3.44344344e-01 -1.01987873e-02
 3.46346346e-01 8.99630537e-03
 3.48348348e-01 -7.67125532e-03
 3.50350350e-01 7.36592662e-03
 3.52352352e-01 -9.77379277e-03
 3.54354354e-01 -1.19611251e-02
 3.56356356e-01 1.34780735e-02
 3.58358358e-01 1.79187897e-03
 3.60360360e-01 -5.27564619e-04
 3.62362362e-01 -4.24171684e-03
 3.64364364e-01 3.46849205e-03
 3.66366366e-01 -6.69848941e-03
 3.68368368e-01 4.03710175e-03
 3.70370370e-01 1.10952043e-02
 3.72372372e-01 -8.41937108e-03
 3.74374374e-01 6.41171077e-03
 3.76376376e-01 6.09806076e-03
 3.78378378e-01 4.57734314e-04
 3.80380380e-01 -9.28496982e-03
 3.82382382e-01 -8.78239328e-03
 3.84384384e-01 4.44867277e-03
 3.86386386e-01 -1.22677490e-03
 3.88388388e-01 2.18655514e-03
 3.90390390e-01 -4.35078603e-03
 3.92392392e-01 5.17995446e-03
 3.94394394e-01 -5.75853415e-03
 3.96396396e-01 9.37014311e-05
 3.98398398e-01 9.23380549e-03
 4.00400400e-01 -1.07024425e-02
 4.02402402e-01 -6.19377154e-03
 4.04404404e-01 -1.06776773e-03
 4.06406406e-01 4.80213344e-03
 4.08408408e-01 4.92981904e-03
 4.10410410e-01 7.06088124e-03
 4.12412412e-01 -7.29332329e-03
 4.14414414e-01 -6.63597528e-03
 4.16416416e-01 -6.38103952e-04
 4.18418418e-01 6.14137656e-03
 4.20420420e-01 1.17682240e-02
 4.22422422e-01 -5.59881814e-03
 4.24424424e-01 -8.32145234e-03
 4.26426426e-01 5.64643289e-03
 4.28428428e-01 8.50201096e-03
 4.30430430e-01 -2.22690208e-03
 4.32432432e-01 2.53559833e-03
 4.34434434e-01 -4.45894168e-03
 4.36436436e-01 -2.28300379e-03
 4.38438438e-01 9.18524623e-03
 4.40440440e-01 -6.14378290e-03
 4.42442442e-01 -8.32812832e-03
 4.44444444e-01 -8.42758173e-03
 4.46446446e-01 3.49238620e-03
 4.48448448e-01 -2.83340424e-03
 4.50450450e-01 3.38357080e-03
 4.52452452e-01 6.19526524e-03
 4.54454454e-01 1.01783142e-03
 4.56456456e-01 8.94289731e-04
 4.58458458e-01 -6.42505371e-03
 4.60460460e-01 -6.31832664e-03
 4.62462462e-01 -7.95757627e-03
 4.64464464e-01 5.31150632e-04
 4.66466466e-01 2.43026037e-03
 4.68468468e-01 -2.33166833e-04
 4.70470470e-01 -1.94657196e-04
 4.72472472e-01 -1.84540010e-03
 4.74474474e-01 5.55595878e-03
 4.76476476e-01 2.34437816e-03
 4.78478478e-01 -9.64757219e-03
 4.80480480e-01 8.15395805e-03
 4.82482482e-01 -7.25358142e-03
 4.84484484e-01 1.02900161e-02
 4.86486486e-01 -1.60544292e-02
 4.88488488e-01 2.00986861e-02
 4.90490490e-01 5.62589793e-04
 4.92492492e-01 -1.60334307e-02
 4.94494494e-01 1.04819362e-02
 4.96496496e-01 -5.79059737e-03
 4.98498498e-01 1.73304214e-03
 5.00500501e-01 3.33257509e-03
 5.02502503e-01 -4.60500807e-03
 5.04504505e-01 -2.82445218e-03
 5.06506507e-01 2.50127824e-03
 5.08508509e-01 8.78704750e-03
 5.10510511e-01 -8.45891968e-03
 5.12512513e-01 5.81515646e-04
 5.14514515e-01 6.35579082e-03
 5.16516517e-01 -1.07709780e-03
 5.18518519e-01 -7.04363638e-03
 5.20520521e-01 8.70662983e-03
 5.22522523e-01 2.25756731e-04
 5.24524525e-01 -1.10555910e-02
 5.26526527e-01 -1.12953225e-02
 5.28528529e-01 9.27158289e-03
 5.30530531e-01 -3.41538966e-03
 5.32532533e-01 -4.29683131e-03
 5.34534535e-01 4.38699465e-03
 5.36536537e-01 -5.53475114e-03
 5.38538539e-01 4.94240857e-03
 5.40540541e-01 -2.17513103e-03
 5.42542543e-01 3.13023121e-04
 5.44544545e-01 -2.21229471e-03
 5.46546547e-01 2.33892251e-03
 5.48548549e-01 1.26373982e-02
 5.50550551e-01 -1.51852604e-02
 5.52552553e-01 -3.76755490e-04
 5.54554555e-01 9.65924693e-03
 5.56556557e-01 -4.87222933e-03
 5.58558559e-01 2.43111037e-03
 5.60560561e-01 -4.32564870e-03
 5.62562563e-01 9.32388209e-03
 5.64564565e-01 -1.39416649e-02
 5.66566567e-01 1.57174659e-02
 5.68568569e-01 -1.02421127e-02
 5.70570571e-01 -1.23251703e-02
 5.72572573e-01 -6.80522244e-03
 5.74574575e-01 7.63451414e-03
 5.76576577e-01 -3.14729621e-03
 5.78578579e-01 -4.21748868e-03
 5.80580581e-01 -5.33112917e-03
 5.82582583e-01 5.16925912e-03
 5.84584585e-01 -5.21155473e-03
 5.86586587e-01 5.58180193e-03
 5.88588589e-01 -1.51508057e-04
 5.90590591e-01 -6.43721438e-03
 5.92592593e-01 6.76196952e-03
 5.94594595e-01 -7.64002858e-03
 5.96596597e-01 -1.21885760e-03
 5.98598599e-01 1.02241591e-02
 6.00600601e-01 -9.81773531e-03
 6.02602603e-01 -7.08228895e-03
 6.04604605e-01 5.79436869e-03
 6.06606607e-01 -5.01463044e-03
 6.08608609e-01 6.19732110e-03
 6.10610611e-01 -8.44593214e-03
 6.12612613e-01 1.03615830e-02
 6.14614615e-01 -5.35166909e-04
 6.16616617e-01 -1.01037266e-02
 6.18618619e-01 7.46360413e-03
 6.20620621e-01 -4.39434132e-03
 6.22622623e-01 3.42667014e-03
 6.24624625e-01 -5.96891427e-03
 6.26626627e-01 1.04294382e-02
 6.28628629e-01 -1.36189241e-02
 6.30630631e-01 1.37708145e-02
 6.32632633e-01 -1.16903533e-02
 6.34634635e-01 -7.21303696e-03
 6.36636637e-01 7.13167456e-03
 6.38638639e-01 -6.17414477e-03
 6.40640641e-01 5.61792017e-03
 6.42642643e-01 -4.82749009e-03
 6.44644645e-01 3.59239628e-03
 6.46646647e-01 4.81231187e-03
 6.48648649e-01 -1.72740655e-04
 6.50650651e-01 3.39603139e-04
 6.52652653e-01 -3.65600754e-03
 6.54654655e-01 8.32307819e-03
 6.56656657e-01 6.14376849e-03
 6.58658659e-01 -7.66137016e-03
 6.60660661e-01 -1.25459393e-02
 6.62662663e-01 5.46751646e-03
 6.64664665e-01 9.41566095e-03
 6.66666667e-01 -8.52608022e-03
 6.68668669e-01 7.95584890e-03
 6.70670671e-01 -6.60213531e-03
 6.72672673e-01 4.75031424e-03
 6.74674675e-01 -1.59052363e-04
 6.76676677e-01 -4.88737124e-03
 6.78678679e-01 7.75264576e-03
 6.80680681e-01 -1.00475245e-02
 6.82682683e-01 9.41375701e-03
 6.84684685e-01 5.82903946e-03
 6.86686687e-01 -3.35134426e-03
 6.88688689e-01 2.03866289e-03
 6.90690691e-01 -2.80375384e-03
 6.92692693e-01 4.70380817e-03
 6.94694695e-01 -7.02788618e-03
 6.96696697e-01 -4.70692416e-04
 6.98698699e-01 2.06311394e-03
 7.00700701e-01 7.53431459e-03
 7.02702703e-01 1.63420115e-02
 7.04704705e-01 6.34557866e-03
 7.06706707e-01 -8.96253402e-04
 7.08708709e-01 -1.94878417e-02
 7.10710711e-01 -5.60333942e-03
 7.12712713e-01 1.84036528e-02
 7.14714715e-01 -6.07793609e-03
 7.16716717e-01 -1.46090193e-02
 7.18718719e-01 5.88467806e-03
 7.20720721e-01 9.16027428e-03
 7.22722723e-01 -6.76806695e-03
 7.24724725e-01 3.24939014e-04
 7.26726727e-01 5.03695149e-03
 7.28728729e-01 2.61347350e-03
 7.30730731e-01 -7.82502090e-03
 7.32732733e-01 9.62516649e-03
 7.34734735e-01 -8.53986151e-03
 7.36736737e-01 -9.97753306e-03
 7.38738739e-01 7.76079257e-03
 7.40740741e-01 -4.96535165e-03
 7.42742743e-01 -1.06775523e-03
 7.44744745e-01 2.90351021e-03
 7.46746747e-01 1.29341274e-03
 7.48748749e-01 -6.41059120e-03
 7.50750751e-01 7.65863013e-03
 7.52752753e-01 -7.10408314e-03
 7.54754755e-01 5.73085904e-03
 7.56756757e-01 -5.62037454e-03
 7.58758759e-01 2.03656311e-03
 7.60760761e-01 1.00078725e-02
 7.62762763e-01 5.91405463e-03
 7.64764765e-01 -1.35288992e-02
 7.66766767e-01 -8.81066299e-03
 7.68768769e-01 -5.71582771e-03
 7.70770771e-01 8.45462858e-03
 7.72772773e-01 -5.14471509e-03
 7.74774775e-01 2.28575020e-03
 7.76776777e-01 -7.05919870e-04
 7.78778779e-01 8.06395788e-04
 7.80780781e-01 -2.66830207e-03
 7.82782783e-01 5.83836070e-03
 7.84784785e-01 9.16227334e-03
 7.86786787e-01 -1.16082441e-02
 7.88788789e-01 -4.20424750e-03
 7.90790791e-01 1.18848969e-02
 7.92792793e-01 -4.64167129e-03
 7.94794795e-01 -8.20849431e-03
 7.96796797e-01 -6.25396403e-03
 7.98798799e-01 5.87044881e-03
 8.00800801e-01 -6.19522364e-03
 8.02802803e-01 -4.80751351e-03
 8.04804805e-01 6.07631879e-03
 8.06806807e-01 8.94509609e-03
 8.08808809e-01 2.50065153e-03
 8.10810811e-01 1.11819954e-03
 8.12812813e-01 -6.43103271e-03
 8.14814815e-01 5.13426338e-03
 8.16816817e-01 -4.64632760e-03
 8.18818819e-01 -1.06063944e-03
 8.20820821e-01 1.15328435e-03
 8.22822823e-01 7.20458509e-03
 8.24824825e-01 -7.42063513e-03
 8.26826827e-01 3.43329959e-03
 8.28828829e-01 6.18106433e-03
 8.30830831e-01 -5.73739686e-03
 8.32832833e-01 5.46354383e-03
 8.34834835e-01 -4.96367589e-03
 8.36836837e-01 4.45413313e-03
 8.38838839e-01 -4.26148814e-03
 8.40840841e-01 4.04240298e-03
 8.42842843e-01 -2.59630311e-04
 8.44844845e-01 -3.05058380e-03
 8.46846847e-01 3.25576236e-03
 8.48848849e-01 -4.60489198e-03
 8.50850851e-01 6.94229685e-03
 8.52852853e-01 5.05439036e-03
 8.54854855e-01 2.42403647e-03
 8.56856857e-01 -1.48481651e-02
 8.58858859e-01 6.68884290e-03
 8.60860861e-01 1.71845346e-02
 8.62862863e-01 -1.29954191e-02
 8.64864865e-01 -1.59941173e-02
 8.66866867e-01 -1.37553326e-03
 8.68868869e-01 1.26129537e-02
 8.70870871e-01 -1.08011968e-02
 8.72872873e-01 5.28162799e-03
 8.74874875e-01 7.61233622e-03
 8.76876877e-01 5.12314089e-03
 8.78878879e-01 8.12307231e-04
 8.80880881e-01 -3.80538645e-03
 8.82882883e-01 3.14297585e-03
 8.84884885e-01 -3.53476250e-03
 8.86886887e-01 5.47243202e-03
 8.88888889e-01 9.21526760e-04
 8.90890891e-01 -1.06054830e-02
 8.92892893e-01 -1.21508707e-02
 8.94894895e-01 1.06636137e-02
 8.96896897e-01 -7.29319929e-03
 8.98898899e-01 4.39912294e-03
 9.00900901e-01 -6.85056112e-04
 9.02902903e-01 -4.87436334e-03
 9.04904905e-01 7.48013055e-03
 9.06906907e-01 -1.00053858e-02
 9.08908909e-01 -7.47756870e-03
 9.10910911e-01 -4.36627495e-03
 9.12912913e-01 2.16535654e-03
 9.14914915e-01 8.39250709e-03
 9.16916917e-01 -5.93402205e-03
 9.18918919e-01 4.58765613e-03
 9.20920921e-01 2.69718573e-03
 9.22922923e-01 -7.29895091e-03
 9.24924925e-01 8.82617211e-03
 9.26926927e-01 -2.13243034e-03
 9.28928929e-01 -7.62880438e-03
 9.30930931e-01 5.83803565e-03
 9.32932933e-01 -4.22896831e-03
 9.34934935e-01 3.31790937e-03
 9.36936937e-01 -2.43217553e-03
 9.38938939e-01 -4.82121342e-03
 9.40940941e-01 6.22551816e-03
 9.42942943e-01 -7.91597500e-03
 9.44944945e-01 -5.47443406e-03
 9.46946947e-01 -1.35213228e-03
 9.48948949e-01 2.43347764e-03
 9.50950951e-01 -3.35533321e-03
 9.52952953e-01 6.01447697e-03
 9.54954955e-01 -3.82824578e-03
 9.56956957e-01 -1.08168483e-02
 9.58958959e-01 1.09134466e-02
 9.60960961e-01 -9.02258053e-03
 9.62962963e-01 6.31842999e-03
 9.64964965e-01 -4.59174975e-03
 9.66966967e-01 4.39600586e-03
 9.68968969e-01 -4.84473310e-03
 9.70970971e-01 5.12326703e-03
 9.72972973e-01 -5.20551143e-03
 9.74974975e-01 5.33893101e-03
 9.76976977e-01 -5.66379319e-03
 9.78978979e-01 6.21877796e-03
 9.80980981e-01 -1.78183723e-03
 9.82982983e-01 -5.03590829e-03
 9.84984985e-01 -7.44011715e-03
 9.86986987e-01 6.80855702e-03
 9.88988989e-01 1.59034809e-03
 9.90990991e-01 -3.82944647e-03
 9.92992993e-01 2.24113405e-03
 9.94994995e-01 -1.38338167e-03
 9.96996997e-01 1.91177593e-03
 9.98998999e-01 -1.56880776e-03
 1.00100100e+00 -6.44141049e-03
 1.00300300e+00 8.61380744e-03
 1.00500501e+00 -9.30675198e-03
 1.00700701e+00 -5.81067407e-03
 1.00900901e+00 -1.12394667e-04
 1.01101101e+00 5.49521937e-03
 1.01301301e+00 -5.66158596e-03
 1.01501502e+00 7.56628019e-03
 1.01701702e+00 2.42803166e-04
 1.01901902e+00 -1.21529866e-02
 1.02102102e+00 1.20163658e-02
 1.02302302e+00 -1.01811899e-02
 1.02502503e+00 -8.43546148e-03
 1.02702703e+00 7.42050061e-03
 1.02902903e+00 -8.43481035e-03
 1.03103103e+00 1.03690070e-02
 1.03303303e+00 -1.17213092e-02
 1.03503504e+00 -4.30835161e-03
 1.03703704e+00 4.28838572e-03
 1.03903904e+00 9.32148589e-03
 1.04104104e+00 1.12928758e-02
 1.04304304e+00 -1.19252599e-02
 1.04504505e+00 1.23313332e-02
 1.04704705e+00 -1.09236215e-02
 1.04904905e+00 7.62943198e-03
 1.05105105e+00 2.21965941e-03
 1.05305305e+00 -2.27241681e-03
 1.05505506e+00 3.25338571e-03
 1.05705706e+00 -6.08949314e-03
 1.05905906e+00 8.12563756e-03
 1.06106106e+00 -7.80736520e-03
 1.06306306e+00 5.80877751e-03
 1.06506507e+00 -3.66958227e-03
 1.06706707e+00 -1.05561277e-04
 1.06906907e+00 2.12945600e-03
 1.07107107e+00 2.36219202e-03
 1.07307307e+00 -3.82204225e-03
 1.07507508e+00 5.91199204e-03
 1.07707708e+00 -8.17859874e-03
 1.07907908e+00 5.11396008e-03
 1.08108108e+00 7.70089203e-03
 1.08308308e+00 1.30410593e-02
 1.08508509e+00 1.11491969e-02
 1.08708709e+00 -1.24976236e-02
 1.08908909e+00 1.06563231e-02
 1.09109109e+00 -1.44414700e-03
 1.09309309e+00 -5.68025627e-03
 1.09509510e+00 4.18703272e-03
 1.09709710e+00 -4.04202493e-03
 1.09909910e+00 5.59409649e-03
 1.10110110e+00 6.05583663e-03
 1.10310310e+00 -6.86034372e-03
 1.10510511e+00 7.23904364e-03
 1.10710711e+00 -7.50927778e-03
 1.10910911e+00 -7.31361875e-03
 1.11111111e+00 1.82238493e-03
 1.11311311e+00 3.44218137e-03
 1.11511512e+00 6.99223736e-03
 1.11711712e+00 1.73452941e-03
 1.11911912e+00 -4.16323052e-03
 1.12112112e+00 2.72692226e-03
 1.12312312e+00 -2.16955285e-03
 1.12512513e+00 -1.86066537e-03
 1.12712713e+00 2.50376990e-03
 1.12912913e+00 5.34448719e-03
 1.13113113e+00 -6.06433543e-03
 1.13313313e+00 5.76978800e-03
 1.13513514e+00 -4.75296429e-03
 1.13713714e+00 7.10349892e-04
 1.13913914e+00 3.63193354e-03
 1.14114114e+00 4.09664533e-03
 1.14314314e+00 -6.15873450e-03
 1.14514515e+00 3.42319983e-03
 1.14714715e+00 1.05702002e-02
 1.14914915e+00 -1.02089280e-02
 1.15115115e+00 8.34546631e-03
 1.15315315e+00 -7.35720747e-03
 1.15515516e+00 8.65493531e-03
 1.15715716e+00 -1.10847935e-02
 1.15915916e+00 1.25134673e-02
 1.16116116e+00 3.72978095e-03
 1.16316316e+00 2.71097841e-03
 1.16516517e+00 1.17798634e-03
 1.16716717e+00 -5.55469083e-03
 1.16916917e+00 -3.30204240e-03
 1.17117117e+00 4.42711447e-03
 1.17317317e+00 -6.85437459e-03
 1.17517518e+00 1.01541008e-02
 1.17717718e+00 -1.14190539e-02
 1.17917918e+00 9.34474913e-03
 1.18118118e+00 -6.16866135e-03
 1.18318318e+00 5.17306948e-03
 1.18518519e+00 -7.28825802e-03
 1.18718719e+00 1.09562576e-02
 1.18918919e+00 -1.42193578e-02
 1.19119119e+00 -7.73886061e-03
 1.19319319e+00 1.57918100e-02
 1.19519520e+00 -1.35826422e-02
 1.19719720e+00 8.11828977e-04
 1.19919920e+00 6.14904027e-03
 1.20120120e+00 -3.38523388e-03
 1.20320320e+00 -1.04246820e-03
 1.20520521e+00 2.20451269e-03
 1.20720721e+00 -2.82282357e-03
 1.20920921e+00 -3.31853059e-03
 1.21121121e+00 3.00294188e-03
 1.21321321e+00 -2.03755122e-03
 1.21521522e+00 1.37177806e-03
 1.21721722e+00 7.63759432e-05
 1.21921922e+00 -2.62316178e-03
 1.22122122e+00 3.95903944e-03
 1.22322322e+00 2.38319293e-03
 1.22522523e+00 1.87208907e-03
 1.22722723e+00 -4.52657155e-03
 1.22922923e+00 -5.22278194e-03
 1.23123123e+00 3.53202145e-03
 1.23323323e+00 -1.96819059e-03
 1.23523524e+00 2.04673790e-03
 1.23723724e+00 -2.79787242e-03
 1.23923924e+00 -6.57352775e-03
 1.24124124e+00 -9.58273571e-03
 1.24324324e+00 1.07111476e-02
 1.24524525e+00 -9.91050854e-03
 1.24724725e+00 7.96761808e-03
 1.24924925e+00 -6.09149055e-03
 1.25125125e+00 4.80673750e-03
 1.25325325e+00 -4.02245316e-03
 1.25525526e+00 3.61203547e-03
 1.25725726e+00 2.73556269e-03
 1.25925926e+00 -2.88683093e-04
 1.26126126e+00 -2.55973228e-03
 1.26326326e+00 -3.83962548e-03
 1.26526527e+00 3.78967611e-03
 1.26726727e+00 -3.80551882e-03
 1.26926927e+00 4.37406435e-03
 1.27127127e+00 -5.52160831e-03
 1.27327327e+00 -4.76632304e-04
 1.27527528e+00 6.51007231e-03
 1.27727728e+00 -5.13824547e-03
 1.27927928e+00 3.44628792e-03
 1.28128128e+00 -2.99429679e-03
 1.28328328e+00 3.79213527e-03
 1.28528529e+00 1.71208372e-03
 1.28728729e+00 -5.42801960e-03
 1.28928929e+00 5.36932833e-03
 1.29129129e+00 -4.93446163e-03
 1.29329329e+00 4.36417826e-03
 1.29529530e+00 -1.74967021e-03
 1.29729730e+00 -3.11338213e-03
 1.29929930e+00 3.08243067e-03
 1.30130130e+00 -3.97184780e-03
 1.30330330e+00 5.45479144e-03
 1.30530531e+00 -5.95935303e-03
 1.30730731e+00 -7.32053929e-03
 1.30930931e+00 3.13596405e-03
 1.31131131e+00 6.63832807e-03
 1.31331331e+00 4.32500872e-03
 1.31531532e+00 -6.37983075e-03
 1.31731732e+00 3.78793992e-03
 1.31931932e+00 8.00641668e-03
 1.32132132e+00 -4.69203196e-03
 1.32332332e+00 -8.53293521e-03
 1.32532533e+00 -2.08111621e-03
 1.32732733e+00 6.75543569e-03
 1.32932933e+00 -6.77037161e-03
 1.33133133e+00 8.31760776e-03
 1.33333333e+00 -9.97280349e-03
 1.33533534e+00 9.17405637e-03
 1.33733734e+00 -5.53627141e-03
 1.33933934e+00 1.64791144e-03
 1.34134134e+00 -1.97407830e-04
 1.34334334e+00 1.44906593e-03
 1.34534535e+00 -3.75212459e-03
 1.34734735e+00 5.56636435e-03
 1.34934935e+00 -6.57211258e-03
 1.35135135e+00 3.38102118e-03
 1.35335335e+00 7.86529768e-03
 1.35535536e+00 -8.64069772e-03
 1.35735736e+00 8.97178041e-03
 1.35935936e+00 2.13200518e-03
 1.36136136e+00 -6.74463602e-03
 1.36336336e+00 4.95469474e-03
 1.36536537e+00 -4.05094289e-03
 1.36736737e+00 4.72580140e-03
 1.36936937e+00 -4.12490816e-03
 1.37137137e+00 -7.98519975e-03
 1.37337337e+00 8.42538878e-03
 1.37537538e+00 -1.28249435e-03
 1.37737738e+00 -3.35257131e-03
 1.37937938e+00 -5.21174206e-03
 1.38138138e+00 5.02977702e-03
 1.38338338e+00 -5.64774381e-03
 1.38538539e+00 -5.25893607e-03
 1.38738739e+00 6.33485047e-03
 1.38938939e+00 -5.62532182e-03
 1.39139139e+00 4.89348925e-03
 1.39339339e+00 -4.70040644e-03
 1.39539540e+00 4.22895773e-03
 1.39739740e+00 -2.85118264e-03
 1.39939940e+00 1.92805794e-03
 1.40140140e+00 -3.12918833e-03
 1.40340340e+00 5.60056575e-03
 1.40540541e+00 -6.96189826e-03
 1.40740741e+00 -2.83030701e-04
 1.40940941e+00 5.57855448e-03
 1.41141141e+00 -1.12552460e-03
 1.41341341e+00 -6.84561679e-03
 1.41541542e+00 9.63149043e-03
 1.41741742e+00 -1.19273059e-02
 1.41941942e+00 -9.62970008e-03
 1.42142142e+00 9.84141860e-03
 1.42342342e+00 -6.45224746e-03
 1.42542543e+00 -1.74342604e-03
 1.42742743e+00 1.51548024e-03
 1.42942943e+00 -1.97981367e-03
 1.43143143e+00 4.04909468e-03
 1.43343343e+00 -6.13453989e-03
 1.43543544e+00 3.13112108e-03
 1.43743744e+00 6.42737915e-03
 1.43943944e+00 -4.44241758e-03
 1.44144144e+00 2.56833499e-03
 1.44344344e+00 -2.98286752e-03
 1.44544545e+00 5.98288071e-03
 1.44744745e+00 -8.99474145e-03
 1.44944945e+00 9.36619623e-03
 1.45145145e+00 -7.37038509e-03
 1.45345345e+00 -2.65261516e-03
 1.45545546e+00 4.09608145e-03
 1.45745746e+00 -5.02824177e-03
 1.45945946e+00 6.70991362e-03
 1.46146146e+00 -7.54928116e-03
 1.46346346e+00 7.64796238e-03
 1.46546547e+00 -7.88102742e-03
 1.46746747e+00 -4.19366944e-03
 1.46946947e+00 8.48065579e-03
 1.47147147e+00 -7.82943234e-03
 1.47347347e+00 -4.51645048e-03
 1.47547548e+00 5.01875220e-03
 1.47747748e+00 -4.12702629e-03
 1.47947948e+00 4.07721806e-03
 1.48148148e+00 1.99214027e-03
 1.48348348e+00 -5.00866188e-03
 1.48548549e+00 4.78901154e-03
 1.48748749e+00 -3.72993588e-03
 1.48948949e+00 2.41696471e-03
 1.49149149e+00 -1.50711142e-03
 1.49349349e+00 -2.28198507e-03
 1.49549550e+00 4.09929805e-03
 1.49749750e+00 -6.22098215e-03
 1.49949950e+00 7.35813201e-03
 1.50150150e+00 -7.41534116e-03
 1.50350350e+00 -4.06803778e-03
 1.50550551e+00 6.90253127e-03
 1.50750751e+00 -1.21601139e-03
 1.50950951e+00 -7.50551987e-03
 1.51151151e+00 -3.20791392e-03
 1.51351351e+00 5.52893011e-03
 1.51551552e+00 8.83064677e-03
 1.51751752e+00 6.75915425e-03
 1.51951952e+00 -2.48573184e-04
 1.52152152e+00 -8.38095740e-03
 1.52352352e+00 7.11460429e-03
 1.52552553e+00 8.05724022e-03
 1.52752753e+00 7.37496510e-03
 1.52952953e+00 3.17282420e-03
 1.53153153e+00 -8.90855728e-03
 1.53353353e+00 -4.41849960e-03
 1.53553554e+00 9.35226797e-03
 1.53753754e+00 1.14716764e-03
 1.53953954e+00 -3.67745505e-03
 1.54154154e+00 -7.60677442e-03
 1.54354354e+00 2.18104702e-04
 1.54554555e+00 1.35519012e-03
 1.54754755e+00 3.82991871e-03
 1.54954955e+00 -1.26293072e-03
 1.55155155e+00 -2.62470243e-03
 1.55355355e+00 3.03630382e-03
 1.55555556e+00 -4.04950335e-03
 1.55755756e+00 -2.02352737e-03
 1.55955956e+00 6.38689037e-03
 1.56156156e+00 -7.06306966e-03
 1.56356356e+00 7.19791491e-03
 1.56556557e+00 -3.38288278e-03
 1.56756757e+00 -6.21611816e-03
 1.56956957e+00 -5.15103756e-03
 1.57157157e+00 5.35826784e-03
 1.57357357e+00 -5.96057324e-03
 1.57557558e+00 -2.83202079e-03
 1.57757758e+00 8.89949495e-03
 1.57957958e+00 5.50908544e-03
 1.58158158e+00 -9.21830200e-03
 1.58358358e+00 6.79086946e-03
 1.58558559e+00 -3.82176412e-03
 1.58758759e+00 2.75602408e-03
 1.58958959e+00 -4.10430357e-03
 1.59159159e+00 5.85359735e-03
 1.59359359e+00 -6.40247925e-03
 1.59559560e+00 -1.58682918e-03
 1.59759760e+00 6.31771427e-03
 1.59959960e+00 -7.77932567e-03
 1.60160160e+00 1.00420032e-02
 1.60360360e+00 -5.42042008e-03
 1.60560561e+00 -1.21941915e-02
 1.60760761e+00 1.08128191e-02
 1.60960961e+00 -8.24271556e-03
 1.61161161e+00 5.86197364e-03
 1.61361361e+00 -4.89291781e-03
 1.61561562e+00 5.48426899e-03
 1.61761762e+00 -6.46551314e-03
 1.61961962e+00 6.41022794e-03
 1.62162162e+00 -5.14569936e-03
 1.62362362e+00 3.88595269e-03
 1.62562563e+00 -3.77432802e-03
 1.62762763e+00 4.65948096e-03
 1.62962963e+00 -5.49789934e-03
 1.63163163e+00 -1.89181600e-03
 1.63363363e+00 4.99087241e-03
 1.63563564e+00 -3.98744820e-03
 1.63763764e+00 3.29549801e-03
 1.63963964e+00 -3.65136939e-03
 1.64164164e+00 5.17452275e-03
 1.64364364e+00 -7.25795235e-03
 1.64564565e+00 3.01741416e-03
 1.64764765e+00 1.05278780e-02
 1.64964965e+00 6.82287722e-03
 1.65165165e+00 6.67414302e-03
 1.65365365e+00 3.75609287e-03
 1.65565566e+00 -9.56919177e-03
 1.65765766e+00 -7.51891381e-03
 1.65965966e+00 -5.16809615e-03
 1.66166166e+00 6.64260219e-03
 1.66366366e+00 4.49268969e-03
 1.66566567e+00 -6.57327670e-03
 1.66766767e+00 6.96462248e-03
 1.66966967e+00 -6.90641479e-03
 1.67167167e+00 6.11003215e-03
 1.67367367e+00 -5.20594575e-03
 1.67567568e+00 -2.81698130e-03
 1.67767768e+00 4.62215313e-03
 1.67967968e+00 5.89830296e-03
 1.68168168e+00 5.50553739e-03
 1.68368368e+00 -2.93939313e-03
 1.68568569e+00 -3.60827464e-03
 1.68768769e+00 -6.91961233e-03
 1.68968969e+00 -1.27932237e-02
 1.69169169e+00 -1.18290788e-02
 1.69369369e+00 -1.11535313e-02
 1.69569570e+00 3.27718790e-03
 1.69769770e+00 1.02307844e-02
 1.69969970e+00 -7.88810416e-03
 1.70170170e+00 5.59161452e-03
 1.70370370e+00 -4.03948132e-03
 1.70570571e+00 3.08192256e-03
 1.70770771e+00 3.11516587e-03
 1.70970971e+00 -1.76345715e-03
 1.71171171e+00 1.76739465e-03
 1.71371371e+00 -2.84209174e-03
 1.71571572e+00 6.15191129e-03
 1.71771772e+00 6.94025034e-03
 1.71971972e+00 -7.55942653e-03
 1.72172172e+00 6.04897630e-03
 1.72372372e+00 -3.92335745e-03
 1.72572573e+00 3.80797172e-03
 1.72772773e+00 -6.00621475e-03
 1.72972973e+00 8.30942019e-03
 1.73173173e+00 -9.04448114e-03
 1.73373373e+00 8.49081745e-03
 1.73573574e+00 4.19233831e-03
 1.73773774e+00 -6.50910799e-03
 1.73973974e+00 2.78491790e-03
 1.74174174e+00 4.91335166e-03
 1.74374374e+00 -4.21740990e-03
 1.74574575e+00 -9.12274234e-04
 1.74774775e+00 3.22070484e-03
 1.74974975e+00 -3.24795435e-03
 1.75175175e+00 3.80587322e-03
 1.75375375e+00 3.16730932e-03
 1.75575576e+00 -3.16260030e-03
 1.75775776e+00 -8.05900175e-03
 1.75975976e+00 9.65797260e-03
 1.76176176e+00 -1.04215831e-02
 1.76376376e+00 9.53189265e-03
 1.76576577e+00 -4.03001401e-03
 1.76776777e+00 -4.51054213e-03
 1.76976977e+00 3.05731102e-03
 1.77177177e+00 -6.29543104e-03
 1.77377377e+00 -6.93865612e-03
 1.77577578e+00 1.14752705e-02
 1.77777778e+00 -1.52369907e-02
 1.77977978e+00 6.36894174e-04
 1.78178178e+00 1.48939244e-02
 1.78378378e+00 -6.26415113e-03
 1.78578579e+00 -7.51886660e-03
 1.78778779e+00 4.78021724e-03
 1.78978979e+00 -4.48106427e-03
 1.79179179e+00 -1.36111062e-03
 1.79379379e+00 8.82339850e-03
 1.79579580e+00 -1.03125061e-02
 1.79779780e+00 7.67108359e-03
 1.79979980e+00 9.36825181e-03
 1.80180180e+00 -8.55014515e-03
 1.80380380e+00 8.40112013e-03
 1.80580581e+00 -2.46801685e-03
 1.80780781e+00 -6.91266596e-03
 1.80980981e+00 -1.00417755e-02
 1.81181181e+00 9.69390502e-03
 1.81381381e+00 9.61027551e-03
 1.81581582e+00 -8.52378780e-03
 1.81781782e+00 6.97292074e-03
 1.81981982e+00 -5.20190840e-03
 1.82182182e+00 3.69034925e-03
 1.82382382e+00 -2.99620194e-03
 1.82582583e+00 3.24058994e-03
 1.82782783e+00 -3.32300752e-05
 1.82982983e+00 -4.58391643e-03
 1.83183183e+00 4.52721361e-03
 1.83383383e+00 2.35441208e-03
 1.83583584e+00 -2.73665542e-03
 1.83783784e+00 -7.52279268e-05
 1.83983984e+00 1.12218190e-03
 1.84184184e+00 2.14397114e-03
 1.84384384e+00 -3.83380266e-03
 1.84584585e+00 7.23013100e-03
 1.84784785e+00 8.24239619e-03
 1.84984985e+00 -8.93948201e-03
 1.85185185e+00 -7.47823326e-03
 1.85385385e+00 5.82362118e-03
 1.85585586e+00 -3.66039481e-03
 1.85785786e+00 3.29030324e-03
 1.85985986e+00 -5.90624992e-03
 1.86186186e+00 1.01289223e-02
 1.86386386e+00 -1.24811206e-02
 1.86586587e+00 -1.34659050e-02
 1.86786787e+00 1.01656528e-02
 1.86986987e+00 -5.66688697e-03
 1.87187187e+00 3.43586609e-03
 1.87387387e+00 -4.13018555e-03
 1.87587588e+00 5.73264793e-03
 1.87787788e+00 1.03367526e-03
 1.87987988e+00 -6.54623199e-03
 1.88188188e+00 5.90132922e-03
 1.88388388e+00 -3.89163222e-03
 1.88588589e+00 -5.45535949e-03
 1.88788789e+00 6.28428166e-03
 1.88988989e+00 -7.03583176e-03
 1.89189189e+00 -5.48656214e-03
 1.89389389e+00 -3.24949611e-04
 1.89589590e+00 5.60985065e-03
 1.89789790e+00 -5.34640703e-03
 1.89989990e+00 6.07623389e-03
 1.90190190e+00 1.38543852e-03
 1.90390390e+00 -8.55897239e-03
 1.90590591e+00 8.37114075e-03
 1.90790791e+00 7.75087461e-03
 1.90990991e+00 -3.68416275e-04
 1.91191191e+00 -4.48111493e-03
 1.91391391e+00 5.27967453e-03
 1.91591592e+00 -7.22707158e-03
 1.91791792e+00 8.46503290e-03
 1.91991992e+00 -8.01859464e-03
 1.92192192e+00 6.81268760e-03
 1.92392392e+00 1.24137984e-03
 1.92592593e+00 -5.26547185e-03
 1.92792793e+00 4.75671720e-03
 1.92992993e+00 -4.37438269e-03
 1.93193193e+00 4.84297739e-03
 1.93393393e+00 -6.59174448e-03
 1.93593594e+00 8.58730426e-03
 1.93793794e+00 -9.29247672e-03
 1.93993994e+00 4.62525628e-04
 1.94194194e+00 6.65417452e-03
 1.94394394e+00 -5.04167093e-03
 1.94594595e+00 3.99556901e-03
 1.94794795e+00 3.22759842e-03
 1.94994995e+00 2.07761498e-03
 1.95195195e+00 -3.41466694e-03
 1.95395395e+00 2.18310455e-03
 1.95595596e+00 4.26228256e-03
 1.95795796e+00 -4.98100691e-03
 1.95995996e+00 5.90555317e-03
 1.96196196e+00 -7.04282947e-03
 1.96396396e+00 -8.07969572e-04
 1.96596597e+00 4.63619214e-03
 1.96796797e+00 3.13104656e-02
 1.96996997e+00 5.79285741e-02
 1.97197197e+00 9.47003040e-02
