 0.00000000e+00 -7.77715013e-03
 1.00000000e-02 -1.26425812e-02
 2.00000000e-02 1.04581343e-02
 3.00000000e-02 2.49022512e-02
 4.00000000e-02 -9.00273279e-03
 5.00000000e-02 1.36101817e-02
 6.00000000e-02 8.53123956e-03
 7.00000000e-02 -6.32816329e-05
 8.00000000e-02 3.69934880e-04
 9.00000000e-02 2.33314906e-02
 1.00000000e-01 -6.46919184e-03
 1.10000000e-01 -2.41410272e-02
 1.20000000e-01 1.82383551e-03
 1.30000000e-01 3.51270888e-05
 1.40000000e-01 -2.32975240e-02
 1.50000000e-01 1.08380722e-02
 1.60000000e-01 1.95482969e-02
 1.70000000e-01 2.16726845e-05
 1.80000000e-01 -2.82354685e-04
 1.90000000e-01 5.46614177e-03
 2.00000000e-01 5.82199347e-03
 2.10000000e-01 -6.11253832e-03
 2.20000000e-01 2.45071699e-02
 2.30000000e-01 -2.34372704e-03
 2.40000000e-01 -9.35120922e-03
 2.50000000e-01 -1.13360537e-02
 2.60000000e-01 3.40281966e-02
 2.70000000e-01 -1.14730558e-02
 2.80000000e-01 -1.35156320e-02
 2.90000000e-01 9.45798300e-03
 3.00000000e-01 1.26917505e-02
 3.10000000e-01 -4.15152972e-02
 3.20000000e-01 8.05060072e-05
 3.30000000e-01 9.12574457e-03
 3.40000000e-01 4.91680214e-03
 3.50000000e-01 -6.91671628e-02
 3.60000000e-01 4.46507215e-03
 3.70000000e-01 -6.95417808e-03
 3.80000000e-01 -7.38105326e-03
 3.90000000e-01 -1.44344532e-02
 4.00000000e-01 -9.09356875e-03
 4.10000000e-01 -7.11030465e-02
 4.20000000e-01 -1.49798760e-02
 4.30000000e-01 -2.20514051e-03
 4.40000000e-01 -4.51178678e-02
 4.50000000e-01 4.94366453e-06
 4.60000000e-01 -8.89221515e-03
 4.70000000e-01 2.92323448e-02
 4.80000000e-01 -3.04636949e-03
 4.90000000e-01 -2.55948176e-03
 5.00000000e-01 1.02113899e-03
 5.10000000e-01 2.75033597e-04
 5.20000000e-01 -6.98080261e-02
 5.30000000e-01 2.34242246e-02
 5.40000000e-01 3.32706261e-02
 5.50000000e-01 8.70113135e-03
 5.60000000e-01 -6.65088153e-02
 5.70000000e-01 -3.31931313e-02
 5.80000000e-01 -5.72088361e-03
 5.90000000e-01 1.00297886e-02
 6.00000000e-01 -2.03153952e-02
 6.10000000e-01 -1.33156926e-02
 6.20000000e-01 -3.21195214e-02
 6.30000000e-01 -2.03451476e-04
 6.40000000e-01 3.23021086e-03
 6.50000000e-01 2.85385377e-02
 6.60000000e-01 8.50073249e-03
 6.70000000e-01 1.65692705e-02
 6.80000000e-01 3.56619837e-02
 6.90000000e-01 3.34813891e-02
 7.00000000e-01 3.73894800e-02
 7.10000000e-01 -1.61163933e-02
 7.20000000e-01 8.03798358e-02
 7.30000000e-01 -5.04823353e-02
 7.40000000e-01 -1.16351908e-02
 7.50000000e-01 -1.55968238e-02
 7.60000000e-01 2.16460909e-02
 7.70000000e-01 -3.76260227e-02
 7.80000000e-01 -3.68728807e-02
 7.90000000e-01 -2.03565865e-02
 8.00000000e-01 -5.67911091e-02
 8.10000000e-01 9.27451153e-03
 8.20000000e-01 8.96019960e-04
 8.30000000e-01 -7.24358744e-02
 8.40000000e-01 -1.36793623e-02
 8.50000000e-01 -4.55681878e-03
 8.60000000e-01 5.29322734e-03
 8.70000000e-01 -2.86817650e-02
 8.80000000e-01 -1.80440045e-02
 8.90000000e-01 1.63232331e-02
 9.00000000e-01 4.23280405e-02
 9.10000000e-01 -5.69129810e-05
 9.20000000e-01 -1.77563061e-03
 9.30000000e-01 1.14702685e-02
 9.40000000e-01 -1.48371269e-03
 9.50000000e-01 6.39435900e-05
 9.60000000e-01 2.77149572e-05
 9.70000000e-01 -1.33237738e-03
 9.80000000e-01 -6.43721105e-03
 9.90000000e-01 -1.01479488e-02
 1.00000000e+00 2.16972140e-02
 1.01000000e+00 -4.54243642e-02
 1.02000000e+00 -7.34329501e-02
 1.03000000e+00 3.02979016e-02
 1.04000000e+00 3.19374614e-02
 1.05000000e+00 7.84481135e-02
 1.06000000e+00 -1.77597391e-02
 1.07000000e+00 -4.20157608e-01
 1.08000000e+00 7.28701962e-02
 1.09000000e+00 5.31700454e-02
 1.10000000e+00 2.82332810e-02
 1.11000000e+00 -5.14720929e-02
 1.12000000e+00 3.28719046e-02
 1.13000000e+00 -5.90002510e-02
 1.14000000e+00 -6.94028504e-02
 1.15000000e+00 -7.64044248e-02
 1.16000000e+00 -2.05714011e-01
 1.17000000e+00 3.34961897e-02
 1.18000000e+00 5.22584510e-02
 1.19000000e+00 4.90319655e-03
 1.20000000e+00 1.97796913e-02
 1.21000000e+00 5.86484610e-02
 1.22000000e+00 -5.84980775e-03
 1.23000000e+00 5.62499680e-02
 1.24000000e+00 1.52543719e-02
 1.25000000e+00 -5.65549789e-02
 1.26000000e+00 4.05530961e-02
 1.27000000e+00 -2.06769949e-03
 1.28000000e+00 -8.60253525e-03
 1.29000000e+00 3.43771948e-02
 1.30000000e+00 5.44252315e-02
 1.31000000e+00 9.99402545e-03
 1.32000000e+00 2.23525034e-02
 1.33000000e+00 3.10312815e-02
 1.34000000e+00 3.86939897e-02
 1.35000000e+00 4.31536899e-02
 1.36000000e+00 4.66233653e-05
 1.37000000e+00 -1.42043358e-03
 1.38000000e+00 -2.90940633e-03
 1.39000000e+00 -3.28948849e-04
 1.40000000e+00 -1.27528923e-04
 1.41000000e+00 -4.85998352e-03
 1.42000000e+00 -6.49088375e-03
 1.43000000e+00 2.43297376e-02
 1.44000000e+00 6.68102750e-03
 1.45000000e+00 3.32954629e-03
 1.46000000e+00 1.31268635e-02
 1.47000000e+00 2.39414867e-04
 1.48000000e+00 5.14762669e-02
 1.49000000e+00 2.55822610e-04
 1.50000000e+00 1.01570435e-02
 1.51000000e+00 -1.34171798e-02
 1.52000000e+00 3.88733562e-04
 1.53000000e+00 -1.61760507e-02
 1.54000000e+00 2.10006342e-04
 1.55000000e+00 -1.28314107e-02
 1.56000000e+00 -5.24191694e-02
 1.57000000e+00 -1.83312993e-04
 1.58000000e+00 -1.19066266e-04
 1.59000000e+00 -7.98970182e-05
 1.60000000e+00 -3.06305232e-04
 1.61000000e+00 8.65146932e-05
 1.62000000e+00 -2.84483969e-04
 1.63000000e+00 -9.89130243e-05
 1.64000000e+00 2.20425658e-05
 1.65000000e+00 7.23188277e-05
 1.66000000e+00 -2.25115930e-04
 1.67000000e+00 -1.18912327e-05
 1.68000000e+00 1.76600622e-05
 1.69000000e+00 2.01128743e-05
 1.70000000e+00 -6.56238071e-05
 1.71000000e+00 -1.68064401e-04
 1.72000000e+00 -1.39708149e-05
 1.73000000e+00 -1.26321553e-05
 1.74000000e+00 -1.56575850e-04
 1.75000000e+00 1.03416651e-04
 1.76000000e+00 2.61873449e-04
 1.77000000e+00 6.51620981e-04
 1.78000000e+00 3.65593300e-05
 1.79000000e+00 7.88188229e-05
 1.80000000e+00 -1.24932011e-05
 1.81000000e+00 -5.36924684e-05
 1.82000000e+00 -2.26739398e-05
 1.83000000e+00 -4.50332311e-05
 1.84000000e+00 -2.07070281e-04
 1.85000000e+00 4.67636541e-02
 1.86000000e+00 -3.15983404e-04
 1.87000000e+00 -6.41509172e-02
 1.88000000e+00 -6.38484067e-03
 1.89000000e+00 1.47454037e-03
 1.90000000e+00 8.08809182e-02
 1.91000000e+00 4.38881580e-05
 1.92000000e+00 -2.54457627e-05
 1.93000000e+00 1.54473297e-04
 1.94000000e+00 -1.39671758e-03
 1.95000000e+00 -9.18686806e-05
 1.96000000e+00 1.32302435e-04
 1.97000000e+00 6.36072331e-05
 1.98000000e+00 -4.35588052e-04
 1.99000000e+00 -2.36776536e-04
 2.00000000e+00 2.20150113e-05
