 0.00000000e+00 3.94804527e-06
 2.35294118e-02 1.77662037e-05
 4.70588235e-02 3.86628421e-05
 7.05882353e-02 1.51223321e-05
 9.41176471e-02 -1.60977467e-04
 1.17647059e-01 -6.15472247e-04
 1.41176471e-01 -1.44607942e-03
 1.64705882e-01 -2.67569613e-03
 1.88235294e-01 -4.24045637e-03
 2.11764706e-01 -5.94846020e-03
 2.35294118e-01 -7.49079474e-03
 2.58823529e-01 -8.53773958e-03
 2.82352941e-01 -8.86331032e-03
 3.05882353e-01 -8.42474159e-03
 3.29411765e-01 -7.34543176e-03
 3.52941176e-01 -5.86414289e-03
 3.76470588e-01 -4.27877140e-03
 4.00000000e-01 -2.88551399e-03
 4.23529412e-01 -2.02131543e-03
 4.47058824e-01 -1.81718252e-03
 4.70588235e-01 -1.90494359e-03
 4.94117647e-01 -4.22648012e-04
 5.17647059e-01 4.74721297e-03
 5.41176471e-01 1.42229210e-02
 5.64705882e-01 2.67302618e-02
 5.88235294e-01 3.89689400e-02
 6.11764706e-01 4.70063290e-02
 6.35294118e-01 4.56170987e-02
 6.58823529e-01 3.06682957e-02
 6.82352941e-01 2.38635401e-03
 7.05882353e-01 -3.37414330e-02
 7.29411765e-01 -6.88713133e-02
 7.52941176e-01 -9.48892526e-02
 7.76470588e-01 -1.06385245e-01
 8.00000000e-01 -1.01542724e-01
 8.23529412e-01 -8.22751080e-02
 8.47058824e-01 -5.49064441e-02
 8.70588235e-01 -2.69025714e-02
 8.94117647e-01 -4.18527187e-03
 9.17647059e-01 1.06923620e-02
 9.41176471e-01 1.93263914e-02
 9.64705882e-01 2.66567143e-02
 9.88235294e-01 4.29136192e-02
 1.01176471e+00 8.15815613e-02
 1.03529412e+00 1.50376873e-01
 1.05882353e+00 2.42169293e-01
 1.08235294e+00 3.31361229e-01
 1.10588235e+00 3.85074920e-01
 1.12941176e+00 3.74906995e-01
 1.15294118e+00 2.82906237e-01
 1.17647059e+00 1.13318090e-01
 1.20000000e+00 -1.02113079e-01
 1.22352941e+00 -3.06603352e-01
 1.24705882e+00 -4.44404280e-01
 1.27058824e+00 -4.85833916e-01
 1.29411765e+00 -4.33166749e-01
 1.31764706e+00 -3.15165902e-01
 1.34117647e+00 -1.72374781e-01
 1.36470588e+00 -4.64196453e-02
 1.38823529e+00 3.47986865e-02
 1.41176471e+00 6.59358982e-02
 1.43529412e+00 6.01811881e-02
 1.45882353e+00 3.81567641e-02
 1.48235294e+00 1.77640096e-02
 1.50588235e+00 8.14046510e-03
 1.52941176e+00 9.95428618e-03
 1.55294118e+00 1.80024869e-02
 1.57647059e+00 2.62274868e-02
 1.60000000e+00 3.11744609e-02
 1.62352941e+00 3.02981102e-02
 1.64705882e+00 2.41943546e-02
 1.67058824e+00 1.42611309e-02
 1.69411765e+00 2.61625338e-03
 1.71764706e+00 -8.05079514e-03
 1.74117647e+00 -1.64892609e-02
 1.76470588e+00 -2.02634510e-02
 1.78823529e+00 -1.95054726e-02
 1.81176471e+00 -1.43715967e-02
 1.83529412e+00 -4.40432235e-03
 1.85882353e+00 1.01348352e-02
 1.88235294e+00 2.99925239e-02
 1.90588235e+00 5.33935260e-02
 1.92941176e+00 7.88501588e-02
 1.95294118e+00 1.04664508e-01
 1.97647059e+00 1.28235957e-01
 2.00000000e+00 1.47499638e-01
