 0.00000000e+00 3.38572267e-01
 2.00200200e-03 3.28083990e-01
 4.00400400e-03 3.13128286e-01
 6.00600601e-03 2.94179129e-01
 8.00800801e-03 2.71710494e-01
 1.00100100e-02 2.46196353e-01
 1.20120120e-02 2.18110682e-01
 1.40140140e-02 1.87927452e-01
 1.60160160e-02 1.56120639e-01
 1.80180180e-02 1.23164217e-01
 2.00200200e-02 8.95321574e-02
 2.20220220e-02 5.56984359e-02
 2.40240240e-02 2.21370258e-02
 2.60260260e-02 -1.06780993e-02
 2.80280280e-02 -4.22729654e-02
 3.00300300e-02 -7.21735989e-02
 3.20320320e-02 -9.99060259e-02
 3.40340340e-02 -1.24996273e-01
 3.60360360e-02 -1.46970366e-01
 3.80380380e-02 -1.65354331e-01
 4.00400400e-02 -1.79674194e-01
 4.20420420e-02 -1.89455983e-01
 4.40440440e-02 -1.94225722e-01
 4.60460460e-02 -1.94074382e-01
 4.80480480e-02 -1.91352705e-01
 5.00500501e-02 -1.88976378e-01
 5.20520521e-02 -1.88871285e-01
 5.40540541e-02 -1.89004103e-01
 5.60560561e-02 -1.86351706e-01
 5.80580581e-02 -1.78952191e-01
 6.00600601e-02 -1.69088547e-01
 6.20620621e-02 -1.60104987e-01
 6.40640641e-02 -1.54727558e-01
 6.60660661e-02 -1.53209645e-01
 6.80680681e-02 -1.55186471e-01
 7.00700701e-02 -1.60293256e-01
 7.20720721e-02 -1.68165222e-01
 7.40740741e-02 -1.78437588e-01
 7.60760761e-02 -1.90745577e-01
 7.80780781e-02 -2.04724409e-01
 8.00800801e-02 -2.19936765e-01
 8.20820821e-02 -2.35655160e-01
 8.40840841e-02 -2.51079570e-01
 8.60860861e-02 -2.65409968e-01
 8.80880881e-02 -2.77846331e-01
 9.00900901e-02 -2.87588632e-01
 9.20920921e-02 -2.93836847e-01
 9.40940941e-02 -2.95790951e-01
 9.60960961e-02 -2.92650919e-01
 9.80980981e-02 -2.83881820e-01
 1.00100100e-01 -2.70009104e-01
 1.02102102e-01 -2.51823316e-01
 1.04104104e-01 -2.30115000e-01
 1.06106106e-01 -2.05674701e-01
 1.08108108e-01 -1.79292963e-01
 1.10110110e-01 -1.51760332e-01
 1.12112112e-01 -1.23867351e-01
 1.14114114e-01 -9.64045653e-02
 1.16116116e-01 -7.01625197e-02
 1.18118118e-01 -4.59317585e-02
 1.20120120e-01 -2.44558920e-02
 1.22122122e-01 -6.29079256e-03
 1.24124124e-01 8.05460177e-03
 1.26126126e-01 1.80713530e-02
 1.28128128e-01 2.32505230e-02
 1.30130130e-01 2.30831738e-02
 1.32132132e-01 1.70603675e-02
 1.34134134e-01 4.85616703e-03
 1.36136136e-01 -1.31233596e-02
 1.38138138e-01 -3.62000760e-02
 1.40140140e-01 -6.33395764e-02
 1.42142142e-01 -9.34183878e-02
 1.44144144e-01 -1.25313037e-01
 1.46146146e-01 -1.57900051e-01
 1.48148148e-01 -1.90055957e-01
 1.50150150e-01 -2.20657281e-01
 1.52152152e-01 -2.48580550e-01
 1.54154154e-01 -2.72702292e-01
 1.56156156e-01 -2.91899034e-01
 1.58158158e-01 -3.05047301e-01
 1.60160160e-01 -3.11023622e-01
 1.62162162e-01 -3.09010170e-01
 1.64164164e-01 -2.99411708e-01
 1.66166166e-01 -2.82938647e-01
 1.68168168e-01 -2.60301398e-01
 1.70170170e-01 -2.32210369e-01
 1.72172172e-01 -1.99375973e-01
 1.74174174e-01 -1.62508619e-01
 1.76176176e-01 -1.22318717e-01
 1.78178178e-01 -7.95166788e-02
 1.80180180e-01 -3.48129137e-02
 1.82182182e-01 1.10821676e-02
 1.84184184e-01 5.74581548e-02
 1.86186186e-01 1.03604638e-01
 1.88188188e-01 1.48811205e-01
 1.90190190e-01 1.92367448e-01
 1.92192192e-01 2.33562955e-01
 1.94194194e-01 2.71687316e-01
 1.96196196e-01 3.06030120e-01
 1.98198198e-01 3.35880958e-01
 2.00200200e-01 3.60529419e-01
 2.02202202e-01 3.79265092e-01
 2.04204204e-01 3.91261734e-01
 2.06206206e-01 3.95229767e-01
 2.08208208e-01 3.89763780e-01
 2.10210210e-01 3.74636187e-01
 2.12212212e-01 3.54330709e-01
 2.14214214e-01 3.33559293e-01
 2.16216216e-01 3.13235512e-01
 2.18218218e-01 2.93323342e-01
 2.20220220e-01 2.73786758e-01
 2.22222222e-01 2.54589738e-01
 2.24224224e-01 2.35696258e-01
 2.26226226e-01 2.17070293e-01
 2.28228228e-01 1.98675821e-01
 2.30230230e-01 1.80476817e-01
 2.32232232e-01 1.62437258e-01
 2.34234234e-01 1.44521120e-01
 2.36236236e-01 1.26692379e-01
 2.38238238e-01 1.08915013e-01
 2.40240240e-01 9.11529963e-02
 2.42242242e-01 7.33703061e-02
 2.44244244e-01 5.55309187e-02
 2.46246246e-01 3.75988104e-02
 2.48248248e-01 1.95379573e-02
 2.50250250e-01 1.31233596e-03
 2.52252252e-01 -1.64148800e-02
 2.54254254e-01 -3.01837270e-02
 2.56256256e-01 -3.66416300e-02
 2.58258258e-01 -3.56623571e-02
 2.60260260e-01 -2.79262620e-02
 2.62262262e-01 -1.41136989e-02
 2.64264264e-01 5.09497856e-03
 2.66266266e-01 2.90194164e-02
 2.68268268e-01 5.69792606e-02
 2.70270270e-01 8.82941574e-02
 2.72272272e-01 1.22283753e-01
 2.74274274e-01 1.58267693e-01
 2.76276276e-01 1.95565624e-01
 2.78278278e-01 2.33497192e-01
 2.80280280e-01 2.71382043e-01
 2.82282282e-01 3.08539824e-01
 2.84284284e-01 3.44290179e-01
 2.86286286e-01 3.77952756e-01
 2.88288288e-01 4.08855116e-01
 2.90290290e-01 4.36356480e-01
 2.92292292e-01 4.59823988e-01
 2.94294294e-01 4.78624777e-01
 2.96296296e-01 4.92125984e-01
 2.98298298e-01 4.99607472e-01
 3.00300300e-01 5.00000000e-01
 3.02302302e-01 4.92444106e-01
 3.04304304e-01 4.77268545e-01
 3.06306306e-01 4.55099129e-01
 3.08308308e-01 4.26561667e-01
 3.10310310e-01 3.92281971e-01
 3.12312312e-01 3.52885851e-01
 3.14314314e-01 3.08999117e-01
 3.16316316e-01 2.61247579e-01
 3.18318318e-01 2.10257049e-01
 3.20320320e-01 1.56653337e-01
 3.22322322e-01 1.01062253e-01
 3.24324324e-01 4.41096082e-02
 3.26326326e-01 -1.35787876e-02
 3.28328328e-01 -7.13771236e-02
 3.30330330e-01 -1.28659589e-01
 3.32332332e-01 -1.84800374e-01
 3.34334334e-01 -2.39173668e-01
 3.36336336e-01 -2.91153660e-01
 3.38338338e-01 -3.40114539e-01
 3.40340340e-01 -3.85430496e-01
 3.42342342e-01 -4.26475720e-01
 3.44344344e-01 -4.62624399e-01
 3.46346346e-01 -4.93250725e-01
 3.48348348e-01 -5.17728885e-01
 3.50350350e-01 -5.35433071e-01
 3.52352352e-01 -5.45915821e-01
 3.54354354e-01 -5.49443078e-01
 3.56356356e-01 -5.46459135e-01
 3.58358358e-01 -5.37408285e-01
 3.60360360e-01 -5.22734821e-01
 3.62362362e-01 -5.02883034e-01
 3.64364364e-01 -4.78297219e-01
 3.66366366e-01 -4.49421668e-01
 3.68368368e-01 -4.16700674e-01
 3.70370370e-01 -3.80578530e-01
 3.72372372e-01 -3.41499528e-01
 3.74374374e-01 -2.99907961e-01
 3.76376376e-01 -2.56248123e-01
 3.78378378e-01 -2.10964306e-01
 3.80380380e-01 -1.64500802e-01
 3.82382382e-01 -1.17301906e-01
 3.84384384e-01 -6.98119085e-02
 3.86386386e-01 -2.24751037e-02
 3.88388388e-01 2.42642160e-02
 3.90390390e-01 6.99617576e-02
 3.92392392e-01 1.14173228e-01
 3.94394394e-01 1.56529982e-01
 3.96396396e-01 1.96965958e-01
 3.98398398e-01 2.35490743e-01
 4.00400400e-01 2.72113924e-01
 4.02402402e-01 3.06845086e-01
 4.04404404e-01 3.39693816e-01
 4.06406406e-01 3.70669700e-01
 4.08408408e-01 3.99782324e-01
 4.10410410e-01 4.27041275e-01
 4.12412412e-01 4.52456140e-01
 4.14414414e-01 4.76036504e-01
 4.16416416e-01 4.97791953e-01
 4.18418418e-01 5.17732075e-01
 4.20420420e-01 5.35866455e-01
 4.22422422e-01 5.52204680e-01
 4.24424424e-01 5.66756335e-01
 4.26426426e-01 5.79531008e-01
 4.28428428e-01 5.90538285e-01
 4.30430430e-01 5.99787751e-01
 4.32432432e-01 6.07288994e-01
 4.34434434e-01 6.13051599e-01
 4.36436436e-01 6.17085153e-01
 4.38438438e-01 6.19399243e-01
 4.40440440e-01 6.20003453e-01
 4.42442442e-01 6.18907372e-01
 4.44444444e-01 6.16120584e-01
 4.46446446e-01 6.11652677e-01
 4.48448448e-01 6.05513237e-01
 4.50450450e-01 5.97711850e-01
 4.52452452e-01 5.88258102e-01
 4.54454454e-01 5.77161580e-01
 4.56456456e-01 5.64431869e-01
 4.58458458e-01 5.50078557e-01
 4.60460460e-01 5.34111230e-01
 4.62462462e-01 5.16539473e-01
 4.64464464e-01 4.97372874e-01
 4.66466466e-01 4.76621018e-01
 4.68468468e-01 4.54293492e-01
 4.70470470e-01 4.30399882e-01
 4.72472472e-01 4.04949775e-01
 4.74474474e-01 3.77952756e-01
 4.76476476e-01 3.49464086e-01
 4.78478478e-01 3.19721720e-01
 4.80480480e-01 2.89009288e-01
 4.82482482e-01 2.57610418e-01
 4.84484484e-01 2.25808739e-01
 4.86486486e-01 1.93887880e-01
 4.88488488e-01 1.62131471e-01
 4.90490490e-01 1.30823141e-01
 4.92492492e-01 1.00246518e-01
 4.94494494e-01 7.06852322e-02
 4.96496496e-01 4.24229118e-02
 4.98498498e-01 1.57431863e-02
 5.00500501e-01 -9.07031528e-03
 5.02502503e-01 -3.17339639e-02
 5.04504505e-01 -5.19641305e-02
 5.06506507e-01 -6.94771860e-02
 5.08508509e-01 -8.39895013e-02
 5.10510511e-01 -9.52828853e-02
 5.12512513e-01 -1.03400899e-01
 5.14514515e-01 -1.08452539e-01
 5.16516517e-01 -1.10546806e-01
 5.18518519e-01 -1.09792698e-01
 5.20520521e-01 -1.06299213e-01
 5.22522523e-01 -1.00131489e-01
 5.24524525e-01 -9.11792287e-02
 5.26526527e-01 -7.92882725e-02
 5.28528529e-01 -6.43044619e-02
 5.30530531e-01 -4.61883286e-02
 5.32532533e-01 -2.53591645e-02
 5.34534535e-01 -2.35095199e-03
 5.36536537e-01 2.23023267e-02
 5.38538539e-01 4.80666893e-02
 5.40540541e-01 7.44081535e-02
 5.42542543e-01 1.00792737e-01
 5.44544545e-01 1.26686458e-01
 5.46546547e-01 1.51555333e-01
 5.48548549e-01 1.74865382e-01
 5.50550551e-01 1.96082620e-01
 5.52552553e-01 2.14673067e-01
 5.54554555e-01 2.30102739e-01
 5.56556557e-01 2.41837655e-01
 5.58558559e-01 2.49343832e-01
 5.60560561e-01 2.53539890e-01
 5.62562563e-01 2.61154856e-01
 5.64564565e-01 2.77194761e-01
 5.66566567e-01 2.93963255e-01
 5.68568569e-01 3.02762482e-01
 5.70570571e-01 3.03590974e-01
 5.72572573e-01 2.98621354e-01
 5.74574575e-01 2.90026247e-01
 5.76576577e-01 2.79600417e-01
 5.78578579e-01 2.67627185e-01
 5.80580581e-01 2.54012010e-01
 5.82582583e-01 2.38660354e-01
 5.84584585e-01 2.21477675e-01
 5.86586587e-01 2.02369433e-01
 5.88588589e-01 1.81241089e-01
 5.90590591e-01 1.57998102e-01
 5.92592593e-01 1.32545932e-01
 5.94594595e-01 1.04917328e-01
 5.96596597e-01 7.56541956e-02
 5.98598599e-01 4.54257284e-02
 6.00600601e-01 1.49011205e-02
 6.02602603e-01 -1.52504340e-02
 6.04604605e-01 -4.43597410e-02
 6.06606607e-01 -7.17576065e-02
 6.08608609e-01 -9.67748363e-02
 6.10610611e-01 -1.18742236e-01
 6.12612613e-01 -1.36990613e-01
 6.14614615e-01 -1.50850771e-01
 6.16616617e-01 -1.59653518e-01
 6.18618619e-01 -1.62729659e-01
 6.20620621e-01 -1.59624530e-01
 6.22622623e-01 -1.50741589e-01
 6.24624625e-01 -1.36698824e-01
 6.26626627e-01 -1.18114222e-01
 6.28628629e-01 -9.56057728e-02
 6.30630631e-01 -6.97914633e-02
 6.32632633e-01 -4.12892815e-02
 6.34634635e-01 -1.07172156e-02
 6.36636637e-01 2.13067466e-02
 6.38638639e-01 5.41646170e-02
 6.40640641e-01 8.72384076e-02
 6.42642643e-01 1.19910131e-01
 6.44644645e-01 1.51561798e-01
 6.46646647e-01 1.81575421e-01
 6.48648649e-01 2.09333013e-01
 6.50650651e-01 2.34216585e-01
 6.52652653e-01 2.55608150e-01
 6.54654655e-01 2.72889719e-01
 6.56656657e-01 2.85443305e-01
 6.58658659e-01 2.92650919e-01
 6.60660661e-01 2.94078319e-01
 6.62662663e-01 2.90026247e-01
 6.64664665e-01 2.80970062e-01
 6.66666667e-01 2.67348619e-01
 6.68668669e-01 2.49591643e-01
 6.70670671e-01 2.28128862e-01
 6.72672673e-01 2.03390000e-01
 6.74674675e-01 1.75804785e-01
 6.76676677e-01 1.45802943e-01
 6.78678679e-01 1.13814201e-01
 6.80680681e-01 8.02682850e-02
 6.82682683e-01 4.55949210e-02
 6.84684685e-01 1.02238358e-02
 6.86686687e-01 -2.54152443e-02
 6.88688689e-01 -6.08925928e-02
 6.90690691e-01 -9.57784834e-02
 6.92692693e-01 -1.29643190e-01
 6.94694695e-01 -1.62056985e-01
 6.96696697e-01 -1.92590143e-01
 6.98698699e-01 -2.20812938e-01
 7.00700701e-01 -2.46295643e-01
 7.02702703e-01 -2.68608531e-01
 7.04704705e-01 -2.87321876e-01
 7.06706707e-01 -3.02005953e-01
 7.08708709e-01 -3.12231033e-01
 7.10710711e-01 -3.17567392e-01
 7.12712713e-01 -3.17585302e-01
 7.14714715e-01 -3.12081026e-01
 7.16716717e-01 -3.01754781e-01
 7.18718719e-01 -2.87532773e-01
 7.20720721e-01 -2.70341207e-01
 7.22722723e-01 -2.51134212e-01
 7.24724725e-01 -2.30977599e-01
 7.26726727e-01 -2.10965103e-01
 7.28728729e-01 -1.92190459e-01
 7.30730731e-01 -1.75747399e-01
 7.32732733e-01 -1.62729659e-01
 7.34734735e-01 -1.53587623e-01
 7.36736737e-01 -1.46198282e-01
 7.38738739e-01 -1.37795276e-01
 7.40740741e-01 -1.26146618e-01
 7.42742743e-01 -1.11157814e-01
 7.44744745e-01 -9.32687391e-02
 7.46746747e-01 -7.29192704e-02
 7.48748749e-01 -5.05492845e-02
 7.50750751e-01 -2.65986579e-02
 7.52752753e-01 -1.50726747e-03
 7.54754755e-01 2.42850103e-02
 7.56756757e-01 5.03382987e-02
 7.58758759e-01 7.62127212e-02
 7.60760761e-01 1.01468401e-01
 7.62762763e-01 1.25665462e-01
 7.64764765e-01 1.48364026e-01
 7.66766767e-01 1.69124218e-01
 7.68768769e-01 1.87506162e-01
 7.70770771e-01 2.03069979e-01
 7.72772773e-01 2.15375793e-01
 7.74774775e-01 2.23983729e-01
 7.76776777e-01 2.28453909e-01
 7.78778779e-01 2.28346457e-01
 7.80780781e-01 2.23361477e-01
 7.82782783e-01 2.13758999e-01
 7.84784785e-01 1.99939036e-01
 7.86786787e-01 1.82301599e-01
 7.88788789e-01 1.61246700e-01
 7.90790791e-01 1.37174351e-01
 7.92792793e-01 1.10484562e-01
 7.94794795e-01 8.15773462e-02
 7.96796797e-01 5.08527149e-02
 7.98798799e-01 1.87106797e-02
 8.00800801e-01 -1.44487476e-02
 8.02802803e-01 -4.82255553e-02
 8.04804805e-01 -8.22197319e-02
 8.06806807e-01 -1.16031265e-01
 8.08808809e-01 -1.49260144e-01
 8.10810811e-01 -1.81506357e-01
 8.12812813e-01 -2.12369892e-01
 8.14814815e-01 -2.41450737e-01
 8.16816817e-01 -2.68348881e-01
 8.18818819e-01 -2.92664312e-01
 8.20820821e-01 -3.13997018e-01
 8.22822823e-01 -3.31946987e-01
 8.24824825e-01 -3.46114209e-01
 8.26826827e-01 -3.56098671e-01
 8.28828829e-01 -3.61500361e-01
 8.30830831e-01 -3.61919268e-01
 8.32832833e-01 -3.56955381e-01
 8.34834835e-01 -3.46372718e-01
 8.36836837e-01 -3.30591430e-01
 8.38838839e-01 -3.10195697e-01
 8.40840841e-01 -2.85769699e-01
 8.42842843e-01 -2.57897616e-01
 8.44844845e-01 -2.27163630e-01
 8.46846847e-01 -1.94151921e-01
 8.48848849e-01 -1.59446669e-01
 8.50850851e-01 -1.23632055e-01
 8.52852853e-01 -8.72922590e-02
 8.54854855e-01 -5.10114626e-02
 8.56856857e-01 -1.53738458e-02
 8.58858859e-01 1.90364108e-02
 8.60860861e-01 5.16351266e-02
 8.62862863e-01 8.18381211e-02
 8.64864865e-01 1.09061214e-01
 8.66866867e-01 1.32720224e-01
 8.68868869e-01 1.52230971e-01
 8.70870871e-01 1.67000319e-01
 8.72872873e-01 1.76399309e-01
 8.74874875e-01 1.79790026e-01
 8.76876877e-01 1.77153199e-01
 8.78878879e-01 1.70944123e-01
 8.80880881e-01 1.64236740e-01
 8.82882883e-01 1.60104987e-01
 8.84884885e-01 1.60645037e-01
 8.86886887e-01 1.64041995e-01
 8.88888889e-01 1.67758211e-01
 8.90890891e-01 1.70276106e-01
 8.92892893e-01 1.70333113e-01
 8.94894895e-01 1.66666667e-01
 8.96896897e-01 1.58478254e-01
 8.98898899e-01 1.46825562e-01
 9.00900901e-01 1.33230332e-01
 9.02902903e-01 1.19214302e-01
 9.04904905e-01 1.06299213e-01
 9.06906907e-01 9.58917155e-02
 9.08908909e-01 8.89381148e-02
 9.10910911e-01 8.62696276e-02
 9.12912913e-01 8.87174706e-02
 9.14914915e-01 9.71128609e-02
 9.16916917e-01 1.11928156e-01
 9.18918919e-01 1.32200279e-01
 9.20920921e-01 1.56607293e-01
 9.22922923e-01 1.83827260e-01
 9.24924925e-01 2.12538245e-01
 9.26926927e-01 2.41418310e-01
 9.28928929e-01 2.69145520e-01
 9.30930931e-01 2.94397936e-01
 9.32932933e-01 3.15853623e-01
 9.34934935e-01 3.32190644e-01
 9.36936937e-01 3.42087061e-01
 9.38938939e-01 3.44220939e-01
 9.40940941e-01 3.37270341e-01
 9.42942943e-01 3.20461759e-01
 9.44944945e-01 2.95215401e-01
 9.46946947e-01 2.63499903e-01
 9.48948949e-01 2.27283904e-01
 9.50950951e-01 1.88536039e-01
 9.52952953e-01 1.49224947e-01
 9.54954955e-01 1.11319263e-01
 9.56956957e-01 7.67876259e-02
 9.58958959e-01 4.75986714e-02
 9.60960961e-01 2.57210370e-02
 9.62962963e-01 1.31233596e-02
 9.64964965e-01 1.02953512e-02
 9.66966967e-01 1.18110236e-02
 9.68968969e-01 1.20460800e-02
 9.70970971e-01 1.04986877e-02
 9.72972973e-01 7.46521086e-03
 9.74974975e-01 1.31233596e-03
 9.76976977e-01 -8.77044046e-03
 9.78978979e-01 -1.83727034e-02
 9.80980981e-01 -2.28732521e-02
 9.82982983e-01 -2.20286613e-02
 9.84984985e-01 -1.66899494e-02
 9.86986987e-01 -7.70813488e-03
 9.88988989e-01 4.06576367e-03
 9.90990991e-01 1.77807278e-02
 9.92992993e-01 3.25857389e-02
 9.94994995e-01 4.76297787e-02
 9.96996997e-01 6.20618284e-02
 9.98998999e-01 7.50308698e-02
 1.00100100e+00 8.56858841e-02
 1.00300300e+00 9.31758530e-02
 1.00500501e+00 9.68600955e-02
 1.00700701e+00 9.69392811e-02
 1.00900901e+00 9.38244166e-02
 1.01101101e+00 8.79265092e-02
 1.01301301e+00 7.98366343e-02
 1.01501502e+00 7.08661417e-02
 1.01701702e+00 6.20285711e-02
 1.01901902e+00 5.24259469e-02
 1.02102102e+00 4.06824147e-02
 1.02302302e+00 2.60300726e-02
 1.02502503e+00 1.01328285e-02
 1.02702703e+00 -4.73745709e-03
 1.02902903e+00 -1.63089238e-02
 1.03103103e+00 -2.23097113e-02
 1.03303303e+00 -2.11440785e-02
 1.03503504e+00 -1.39207626e-02
 1.03703704e+00 -2.42462000e-03
 1.03903904e+00 1.15594928e-02
 1.04104104e+00 2.62467192e-02
 1.04304304e+00 3.87776607e-02
 1.04504505e+00 4.19947507e-02
 1.04704705e+00 3.13535587e-02
 1.04904905e+00 1.70603675e-02
 1.05105105e+00 1.02143090e-02
 1.05305305e+00 1.07352007e-02
 1.05505506e+00 1.57480315e-02
 1.05705706e+00 2.28461148e-02
 1.05905906e+00 3.14960630e-02
 1.06106106e+00 4.10534543e-02
 1.06306306e+00 4.85564304e-02
 1.06506507e+00 5.11290443e-02
 1.06706707e+00 4.85564304e-02
 1.06906907e+00 4.13660677e-02
 1.07107107e+00 3.03937291e-02
 1.07307307e+00 1.65522615e-02
 1.07507508e+00 7.54511641e-04
 1.07707708e+00 -1.60866736e-02
 1.07907908e+00 -3.30584475e-02
 1.08108108e+00 -4.92479633e-02
 1.08308308e+00 -6.37423741e-02
 1.08508509e+00 -7.56288333e-02
 1.08708709e+00 -8.39944939e-02
 1.08908909e+00 -8.79265092e-02
 1.09109109e+00 -8.70478982e-02
 1.09309309e+00 -8.31251427e-02
 1.09509510e+00 -7.84605903e-02
 1.09709710e+00 -7.53565888e-02
 1.09909910e+00 -7.61154856e-02
 1.10110110e+00 -8.19732388e-02
 1.10310310e+00 -8.99002485e-02
 1.10510511e+00 -9.58005249e-02
 1.10710711e+00 -9.63796630e-02
 1.10910911e+00 -9.15495956e-02
 1.11111111e+00 -8.20238401e-02
 1.11311311e+00 -6.85159138e-02
 1.11511512e+00 -5.17393341e-02
 1.11711712e+00 -3.24076183e-02
 1.11911912e+00 -1.12342838e-02
 1.12112112e+00 1.10671521e-02
 1.12312312e+00 3.37831719e-02
 1.12512513e+00 5.62002584e-02
 1.12712713e+00 7.76048942e-02
 1.12912913e+00 9.72835620e-02
 1.13113113e+00 1.14522744e-01
 1.13313313e+00 1.28608924e-01
 1.13513514e+00 1.38950901e-01
 1.13713714e+00 1.45446750e-01
 1.13913914e+00 1.48116862e-01
 1.14114114e+00 1.46981627e-01
 1.14314314e+00 1.42179827e-01
 1.14514515e+00 1.34323794e-01
 1.14714715e+00 1.24144253e-01
 1.14914915e+00 1.12371925e-01
 1.15115115e+00 9.97375328e-02
 1.15315315e+00 8.67040491e-02
 1.15515516e+00 7.26634435e-02
 1.15715716e+00 5.67399350e-02
 1.15915916e+00 3.80577428e-02
 1.16116116e+00 1.60068710e-02
 1.16316316e+00 -8.95953671e-03
 1.16516517e+00 -3.61225517e-02
 1.16716717e+00 -6.47632454e-02
 1.16916917e+00 -9.41626891e-02
 1.17117117e+00 -1.23601954e-01
 1.17317317e+00 -1.52362112e-01
 1.17517518e+00 -1.79724235e-01
 1.17717718e+00 -2.04969393e-01
 1.17917918e+00 -2.27378658e-01
 1.18118118e+00 -2.46233101e-01
 1.18318318e+00 -2.60813794e-01
 1.18518519e+00 -2.70401808e-01
 1.18718719e+00 -2.74278215e-01
 1.18918919e+00 -2.72148420e-01
 1.19119119e+00 -2.65415161e-01
 1.19319319e+00 -2.55905512e-01
 1.19519520e+00 -2.45167676e-01
 1.19719720e+00 -2.33634377e-01
 1.19919920e+00 -2.21459469e-01
 1.20120120e+00 -2.08796808e-01
 1.20320320e+00 -1.95800248e-01
 1.20520521e+00 -1.82623643e-01
 1.20720721e+00 -1.69420848e-01
 1.20920921e+00 -1.56345718e-01
 1.21121121e+00 -1.43552107e-01
 1.21321321e+00 -1.31193870e-01
 1.21521522e+00 -1.19424861e-01
 1.21721722e+00 -1.08398935e-01
 1.21921922e+00 -9.82699458e-02
 1.22122122e+00 -8.91917490e-02
 1.22322322e+00 -8.13181987e-02
 1.22522523e+00 -7.48031496e-02
 1.22722723e+00 -6.98738480e-02
 1.22922923e+00 -6.70511076e-02
 1.23123123e+00 -6.69291339e-02
 1.23323323e+00 -6.93148615e-02
 1.23523524e+00 -7.08661417e-02
 1.23723724e+00 -6.84698474e-02
 1.23923924e+00 -6.30780201e-02
 1.24124124e+00 -5.66589937e-02
 1.24324324e+00 -5.11811024e-02
 1.24524525e+00 -4.76608082e-02
 1.24724725e+00 -4.33070866e-02
 1.24924925e+00 -3.53528673e-02
 1.25125125e+00 -2.49343832e-02
 1.25325325e+00 -1.38918944e-02
 1.25525526e+00 -2.97846675e-03
 1.25725726e+00 7.32463243e-03
 1.25925926e+00 1.65361359e-02
 1.26126126e+00 2.41747763e-02
 1.26326326e+00 2.97592864e-02
 1.26526527e+00 3.28083990e-02
 1.26726727e+00 3.27778502e-02
 1.26926927e+00 2.88713911e-02
 1.27127127e+00 2.06105908e-02
 1.27327327e+00 9.04027845e-03
 1.27527528e+00 -4.41390221e-03
 1.27727728e+00 -1.83263073e-02
 1.27927928e+00 -3.12712929e-02
 1.28128128e+00 -4.18232153e-02
 1.28328328e+00 -4.85564304e-02
 1.28528529e+00 -5.05765673e-02
 1.28728729e+00 -4.91143458e-02
 1.28928929e+00 -4.59317585e-02
 1.29129129e+00 -4.22022918e-02
 1.29329329e+00 -3.67454068e-02
 1.29529530e+00 -2.81479252e-02
 1.29729730e+00 -1.64201343e-02
 1.29929930e+00 -1.92818775e-03
 1.30130130e+00 1.49617605e-02
 1.30330330e+00 3.38835567e-02
 1.30530531e+00 5.44710471e-02
 1.30730731e+00 7.63580778e-02
 1.30930931e+00 9.91784952e-02
 1.31131131e+00 1.22566145e-01
 1.31331331e+00 1.46154874e-01
 1.31531532e+00 1.69578529e-01
 1.31731732e+00 1.92470954e-01
 1.31931932e+00 2.14465998e-01
 1.32132132e+00 2.35197505e-01
 1.32332332e+00 2.54299322e-01
 1.32532533e+00 2.71405295e-01
 1.32732733e+00 2.86149271e-01
 1.32932933e+00 2.98165095e-01
 1.33133133e+00 3.07086614e-01
 1.33333333e+00 3.12316904e-01
 1.33533534e+00 3.12335958e-01
 1.33733734e+00 3.05804274e-01
 1.33933934e+00 2.93027447e-01
 1.34134134e+00 2.74722346e-01
 1.34334334e+00 2.51605840e-01
 1.34534535e+00 2.24394798e-01
 1.34734735e+00 1.93806089e-01
 1.34934935e+00 1.60556582e-01
 1.35135135e+00 1.25363147e-01
 1.35335335e+00 8.89426522e-02
 1.35535536e+00 5.20119670e-02
 1.35735736e+00 1.52879604e-02
 1.35935936e+00 -2.05124985e-02
 1.36136136e+00 -5.46725405e-02
 1.36336336e+00 -8.64752966e-02
 1.36536537e+00 -1.15203898e-01
 1.36736737e+00 -1.40141475e-01
 1.36936937e+00 -1.60571158e-01
 1.37137137e+00 -1.75776080e-01
 1.37337337e+00 -1.85039370e-01
 1.37537538e+00 -1.87864093e-01
 1.37737738e+00 -1.84633046e-01
 1.37937938e+00 -1.75948959e-01
 1.38138138e+00 -1.62414563e-01
 1.38338338e+00 -1.44632587e-01
 1.38538539e+00 -1.23205763e-01
 1.38738739e+00 -9.87368210e-02
 1.38938939e+00 -7.18284908e-02
 1.39139139e+00 -4.30835031e-02
 1.39339339e+00 -1.31045882e-02
 1.39539540e+00 1.75055235e-02
 1.39739740e+00 4.81441016e-02
 1.39939940e+00 7.82084158e-02
 1.40140140e+00 1.07095736e-01
 1.40340340e+00 1.34203331e-01
 1.40540541e+00 1.58928471e-01
 1.40740741e+00 1.80668426e-01
 1.40940941e+00 1.98820465e-01
 1.41141141e+00 2.12781858e-01
 1.41341341e+00 2.21949875e-01
 1.41541542e+00 2.25721785e-01
 1.41741742e+00 2.24060679e-01
 1.41941942e+00 2.19192938e-01
 1.42142142e+00 2.13910761e-01
 1.42342342e+00 2.10456787e-01
 1.42542543e+00 2.08875400e-01
 1.42742743e+00 2.08661417e-01
 1.42942943e+00 2.08774885e-01
 1.43143143e+00 2.06036745e-01
 1.43343343e+00 1.97549551e-01
 1.43543544e+00 1.83681391e-01
 1.43743744e+00 1.65616740e-01
 1.43943944e+00 1.44540071e-01
 1.44144144e+00 1.21635860e-01
 1.44344344e+00 9.80885805e-02
 1.44544545e+00 7.50827062e-02
 1.44744745e+00 5.38027116e-02
 1.44944945e+00 3.54330709e-02
 1.45145145e+00 2.09601800e-02
 1.45345345e+00 1.05781228e-02
 1.45545546e+00 4.28290462e-03
 1.45745746e+00 2.07053114e-03
 1.45945946e+00 3.93700787e-03
 1.46146146e+00 9.19648555e-03
 1.46346346e+00 1.44356955e-02
 1.46546547e+00 1.63041761e-02
 1.46746747e+00 1.44301125e-02
 1.46946947e+00 9.18635171e-03
 1.47147147e+00 1.03368343e-03
 1.47347347e+00 -9.21533108e-03
 1.47547548e+00 -2.06601878e-02
 1.47747748e+00 -3.24003826e-02
 1.47947948e+00 -4.35354115e-02
 1.48148148e+00 -5.31647704e-02
 1.48348348e+00 -6.03879552e-02
 1.48548549e+00 -6.43044619e-02
 1.48748749e+00 -6.43170924e-02
 1.48948949e+00 -6.10418717e-02
 1.49149149e+00 -5.53981312e-02
 1.49349349e+00 -4.83052018e-02
 1.49549550e+00 -4.06824147e-02
 1.49749750e+00 -3.34534089e-02
 1.49949950e+00 -2.75590551e-02
 1.50150150e+00 -2.35153593e-02
 1.50350350e+00 -2.01216371e-02
 1.50550551e+00 -1.57480315e-02
 1.50750751e+00 -9.26160715e-03
 1.50950951e+00 -1.51711553e-03
 1.51151151e+00 6.13377021e-03
 1.51351351e+00 1.23393769e-02
 1.51551552e+00 1.57480315e-02
 1.51751752e+00 1.54903995e-02
 1.51951952e+00 1.26265014e-02
 1.52152152e+00 8.69869642e-03
 1.52352352e+00 5.24934383e-03
 1.52552553e+00 3.45807982e-03
 1.52752753e+00 3.05364850e-03
 1.52952953e+00 3.40207096e-03
 1.53153153e+00 3.86936828e-03
 1.53353353e+00 3.82156157e-03
 1.53553554e+00 2.62467192e-03
 1.53753754e+00 -1.43161434e-04
 1.53953954e+00 -4.05532656e-03
 1.54154154e+00 -8.47309340e-03
 1.54354354e+00 -1.27577319e-02
 1.54554555e+00 -1.62705119e-02
 1.54754755e+00 -1.83727034e-02
 1.54954955e+00 -1.86448202e-02
 1.55155155e+00 -1.75443518e-02
 1.55355355e+00 -1.57480315e-02
 1.55555556e+00 -1.40361756e-02
 1.55755756e+00 -1.36034319e-02
 1.55955956e+00 -1.57480315e-02
 1.56156156e+00 -2.12568561e-02
 1.56356356e+00 -2.88713911e-02
 1.56556557e+00 -3.70825609e-02
 1.56756757e+00 -4.54244414e-02
 1.56956957e+00 -5.36918965e-02
 1.57157157e+00 -6.16797900e-02
 1.57357357e+00 -6.91626188e-02
 1.57557558e+00 -7.58334114e-02
 1.57757758e+00 -8.13648294e-02
 1.57957958e+00 -8.54809935e-02
 1.58158158e+00 -8.81118602e-02
 1.58358358e+00 -8.92388451e-02
 1.58558559e+00 -8.89727061e-02
 1.58758759e+00 -8.79415690e-02
 1.58958959e+00 -8.69029020e-02
 1.59159159e+00 -8.66141732e-02
 1.59359359e+00 -8.71747099e-02
 1.59559560e+00 -8.60512757e-02
 1.59759760e+00 -8.00524934e-02
 1.59959960e+00 -6.76297857e-02
 1.60160160e+00 -5.38057743e-02
 1.60360360e+00 -4.39441376e-02
 1.60560561e+00 -3.82015821e-02
 1.60760761e+00 -3.54330709e-02
 1.60960961e+00 -3.43148628e-02
 1.61161161e+00 -3.28083990e-02
 1.61361361e+00 -2.88508814e-02
 1.61561562e+00 -2.09973753e-02
 1.61761762e+00 -9.07426250e-03
 1.61961962e+00 2.62467192e-03
 1.62162162e+00 9.70173716e-03
 1.62362362e+00 1.18110236e-02
 1.62562563e+00 1.06216446e-02
 1.62762763e+00 1.18110236e-02
 1.62962963e+00 2.00419223e-02
 1.63163163e+00 3.19101435e-02
 1.63363363e+00 4.19947507e-02
 1.63563564e+00 4.62251049e-02
 1.63763764e+00 4.59317585e-02
 1.63963964e+00 4.34046511e-02
 1.64164164e+00 3.93700787e-02
 1.64364364e+00 3.43364376e-02
 1.64564565e+00 2.95041675e-02
 1.64764765e+00 2.62467192e-02
 1.64964965e+00 2.55916929e-02
 1.65165165e+00 2.71832876e-02
 1.65365365e+00 3.03198520e-02
 1.65565566e+00 3.42997348e-02
 1.65765766e+00 3.84212846e-02
 1.65965966e+00 4.19828501e-02
 1.66166166e+00 4.42827799e-02
 1.66366366e+00 4.46194226e-02
 1.66566567e+00 4.23097726e-02
 1.66766767e+00 3.67454068e-02
 1.66966967e+00 2.76183746e-02
 1.67167167e+00 1.57480315e-02
 1.67367367e+00 2.12447019e-03
 1.67567568e+00 -1.27065750e-02
 1.67767768e+00 -2.83104592e-02
 1.67967968e+00 -4.42525377e-02
 1.68168168e+00 -6.00981657e-02
 1.68368368e+00 -7.54126983e-02
 1.68568569e+00 -8.97614909e-02
 1.68768769e+00 -1.02709899e-01
 1.68968969e+00 -1.13823277e-01
 1.69169169e+00 -1.22666980e-01
 1.69369369e+00 -1.28806364e-01
 1.69569570e+00 -1.31806784e-01
 1.69769770e+00 -1.31233596e-01
 1.69969970e+00 -1.26835883e-01
 1.70170170e+00 -1.19097645e-01
 1.70370370e+00 -1.08686612e-01
 1.70570571e+00 -9.62705128e-02
 1.70770771e+00 -8.25170770e-02
 1.70970971e+00 -6.80940335e-02
 1.71171171e+00 -5.36691117e-02
 1.71371371e+00 -3.99100406e-02
 1.71571572e+00 -2.74845494e-02
 1.71771772e+00 -1.70603675e-02
 1.71971972e+00 -9.51457786e-03
 1.72172172e+00 -6.56167979e-03
 1.72372372e+00 -8.17949002e-03
 1.72572573e+00 -6.56167979e-03
 1.72772773e+00 4.99500512e-03
 1.72972973e+00 2.09973753e-02
 1.73173173e+00 3.45161002e-02
 1.73373373e+00 4.50737274e-02
 1.73573574e+00 5.38057743e-02
 1.73773774e+00 6.13973087e-02
 1.73973974e+00 6.67316004e-02
 1.74174174e+00 6.82414698e-02
 1.74374374e+00 6.48346736e-02
 1.74574575e+00 5.73187146e-02
 1.74774775e+00 4.69760317e-02
 1.74974975e+00 3.50890643e-02
 1.75175175e+00 2.29402514e-02
 1.75375375e+00 1.18120322e-02
 1.75575576e+00 2.98684581e-03
 1.75775776e+00 -2.25286861e-03
 1.75975976e+00 -2.62467192e-03
 1.76176176e+00 1.60034960e-03
 1.76376376e+00 3.93700787e-03
 1.76576577e+00 -1.05075709e-03
 1.76776777e+00 -8.38839140e-03
 1.76976977e+00 -1.04986877e-02
 1.77177177e+00 -2.03120882e-03
 1.77377377e+00 1.34574009e-02
 1.77577578e+00 3.01837270e-02
 1.77777778e+00 4.38309827e-02
 1.77977978e+00 5.59488917e-02
 1.78178178e+00 6.95538058e-02
 1.78378378e+00 8.70162185e-02
 1.78578579e+00 1.08123192e-01
 1.78778779e+00 1.32015930e-01
 1.78978979e+00 1.57835637e-01
 1.79179179e+00 1.84723517e-01
 1.79379379e+00 2.11820774e-01
 1.79579580e+00 2.38268612e-01
 1.79779780e+00 2.63208235e-01
 1.79979980e+00 2.85780848e-01
 1.80180180e+00 3.05127653e-01
 1.80380380e+00 3.20389857e-01
 1.80580581e+00 3.30708661e-01
 1.80780781e+00 3.35435170e-01
 1.80980981e+00 3.34760080e-01
 1.81181181e+00 3.29083985e-01
 1.81381381e+00 3.18807481e-01
 1.81581582e+00 3.04331163e-01
 1.81781782e+00 2.86055626e-01
 1.81981982e+00 2.64381465e-01
 1.82182182e+00 2.39709275e-01
 1.82382382e+00 2.12439651e-01
 1.82582583e+00 1.82973188e-01
 1.82782783e+00 1.51710481e-01
 1.82982983e+00 1.19052126e-01
 1.83183183e+00 8.53987176e-02
 1.83383383e+00 5.11508503e-02
 1.83583584e+00 1.67091196e-02
 1.83783784e+00 -1.75258795e-02
 1.83983984e+00 -5.11535520e-02
 1.84184184e+00 -8.37733027e-02
 1.84384384e+00 -1.14984537e-01
 1.84584585e+00 -1.44386659e-01
 1.84784785e+00 -1.71579074e-01
 1.84984985e+00 -1.96161187e-01
 1.85185185e+00 -2.17732403e-01
 1.85385385e+00 -2.35892127e-01
 1.85585586e+00 -2.50239763e-01
 1.85785786e+00 -2.60374718e-01
 1.85985986e+00 -2.65896395e-01
 1.86186186e+00 -2.66404199e-01
 1.86386386e+00 -2.61666302e-01
 1.86586587e+00 -2.52125932e-01
 1.86786787e+00 -2.38395085e-01
 1.86986987e+00 -2.21085756e-01
 1.87187187e+00 -2.00809941e-01
 1.87387387e+00 -1.78179635e-01
 1.87587588e+00 -1.53806833e-01
 1.87787788e+00 -1.28303531e-01
 1.87987988e+00 -1.02281723e-01
 1.88188188e+00 -7.63534050e-02
 1.88388388e+00 -5.11305723e-02
 1.88588589e+00 -2.72252202e-02
 1.88788789e+00 -5.24934383e-03
 1.88988989e+00 1.40219820e-02
 1.89189189e+00 2.91613650e-02
 1.89389389e+00 3.85783332e-02
 1.89589590e+00 4.06824147e-02
 1.89789790e+00 3.55823498e-02
 1.89989990e+00 3.01837270e-02
 1.90190190e+00 3.11144945e-02
 1.90390390e+00 3.70951897e-02
 1.90590591e+00 4.48694974e-02
 1.90790791e+00 5.11811024e-02
 1.90990991e+00 5.35245283e-02
 1.91191191e+00 5.23976543e-02
 1.91391391e+00 4.90491987e-02
 1.91591592e+00 4.47278794e-02
 1.91791792e+00 4.06824147e-02
 1.91991992e+00 3.76248743e-02
 1.92192192e+00 3.41207349e-02
 1.92392392e+00 2.87370110e-02
 1.92592593e+00 2.21934615e-02
 1.92792793e+00 1.57480315e-02
 1.92992993e+00 1.06200042e-02
 1.93193193e+00 7.87401575e-03
 1.93393393e+00 8.14436991e-03
 1.93593594e+00 1.04986877e-02
 1.93793794e+00 1.38148267e-02
 1.93993994e+00 1.77782740e-02
 1.94194194e+00 2.22764240e-02
 1.94394394e+00 2.71966710e-02
 1.94594595e+00 3.24264096e-02
 1.94794795e+00 3.78530340e-02
 1.94994995e+00 4.33639387e-02
 1.95195195e+00 4.88465181e-02
 1.95395395e+00 5.41881664e-02
 1.95595596e+00 5.92762783e-02
 1.95795796e+00 6.39982479e-02
 1.95995996e+00 6.82414698e-02
 1.96196196e+00 7.18933383e-02
 1.96396396e+00 7.48412478e-02
 1.96596597e+00 7.69725928e-02
 1.96796797e+00 7.81747675e-02
 1.96996997e+00 7.83351664e-02
 1.97197197e+00 7.73411839e-02
 1.97397397e+00 7.50802143e-02
 1.97597598e+00 7.14396522e-02
 1.97797798e+00 6.63068918e-02
 1.97997998e+00 5.95693275e-02
 1.98198198e+00 5.11143538e-02
 1.98398398e+00 4.08293650e-02
 1.98598599e+00 2.86017556e-02
 1.98798799e+00 1.43189199e-02
 1.98998999e+00 -2.13174773e-03
 1.99199199e+00 -2.08628528e-02
 1.99399399e+00 -4.19870010e-02
 1.99599600e+00 -6.56167979e-02
 1.99799800e+00 -9.18648491e-02
 2.00000000e+00 -1.20843760e-01
