 1.60160160e-02 9.62558727e-01
 1.80180180e-02 7.37578749e-01
 2.00200200e-02 5.43686247e-01
 2.20220220e-02 3.78561539e-01
 2.40240240e-02 2.39884940e-01
 2.60260260e-02 1.25336766e-01
 2.80280280e-02 3.25973330e-02
 3.00300300e-02 -4.06530426e-02
 3.20320320e-02 -9.67340450e-02
 3.40340340e-02 -1.37965358e-01
 3.60360360e-02 -1.66666667e-01
 3.80380380e-02 -1.85157654e-01
 4.00400400e-02 -1.95758004e-01
 4.20420420e-02 -2.00787402e-01
 4.40440440e-02 -2.02565530e-01
 4.60460460e-02 -2.03412073e-01
 4.80480480e-02 -2.04997742e-01
 5.00500501e-02 -2.06397352e-01
 5.20520521e-02 -2.06036745e-01
 5.40540541e-02 -2.02918566e-01
 5.60560561e-02 -1.98352672e-01
 5.80580581e-02 -1.94225722e-01
 6.00600601e-02 -1.92068119e-01
 6.20620621e-02 -1.91985238e-01
 6.40640641e-02 -1.93726196e-01
 6.60660661e-02 -1.97040110e-01
 6.80680681e-02 -2.01676097e-01
 7.00700701e-02 -2.07383275e-01
 7.20720721e-02 -2.13910761e-01
 7.40740741e-02 -2.21031047e-01
 7.60760761e-02 -2.28610123e-01
 7.80780781e-02 -2.36537354e-01
 8.00800801e-02 -2.44702105e-01
 8.20820821e-02 -2.52993742e-01
 8.40840841e-02 -2.61301629e-01
 8.60860861e-02 -2.69515132e-01
 8.80880881e-02 -2.77523615e-01
 9.00900901e-02 -2.85216444e-01
 9.20920921e-02 -2.92482983e-01
 9.40940941e-02 -2.99212598e-01
 9.60960961e-02 -3.04689125e-01
 9.80980981e-02 -3.05774278e-01
 1.00100100e-01 -2.99543249e-01
 1.02102102e-01 -2.86347245e-01
 1.04104104e-01 -2.67356476e-01
 1.06106106e-01 -2.43741152e-01
 1.08108108e-01 -2.16671486e-01
 1.10110110e-01 -1.87317688e-01
 1.12112112e-01 -1.56849968e-01
 1.14114114e-01 -1.26438538e-01
 1.16116116e-01 -9.72536088e-02
 1.18118118e-01 -7.04653906e-02
 1.20120120e-01 -4.72440945e-02
 1.22122122e-01 -2.85719027e-02
 1.24124124e-01 -1.46788825e-02
 1.26126126e-01 -5.60707238e-03
 1.28128128e-01 -1.39851088e-03
 1.30130130e-01 -2.09523654e-03
 1.32132132e-01 -7.73928787e-03
 1.34134134e-01 -1.83727034e-02
 1.36136136e-01 -3.39004859e-02
 1.38138138e-01 -5.36794950e-02
 1.40140140e-01 -7.69295545e-02
 1.42142142e-01 -1.02870488e-01
 1.44144144e-01 -1.30722120e-01
 1.46146146e-01 -1.59704274e-01
 1.48148148e-01 -1.89036774e-01
 1.50150150e-01 -2.17939443e-01
 1.52152152e-01 -2.45632106e-01
 1.54154154e-01 -2.71334586e-01
 1.56156156e-01 -2.94266708e-01
 1.58158158e-01 -3.13648294e-01
 1.60160160e-01 -3.28547117e-01
 1.62162162e-01 -3.37422741e-01
 1.64164164e-01 -3.38582677e-01
 1.66166166e-01 -3.30771257e-01
 1.68168168e-01 -3.14480091e-01
 1.70170170e-01 -2.90637611e-01
 1.72172172e-01 -2.60172246e-01
 1.74174174e-01 -2.24012427e-01
 1.76176176e-01 -1.83086584e-01
 1.78178178e-01 -1.38323149e-01
 1.80180180e-01 -9.06505521e-02
 1.82182182e-01 -4.09972231e-02
 1.84184184e-01 9.70840694e-03
 1.86186186e-01 6.05379076e-02
 1.88188188e-01 1.10562848e-01
 1.90190190e-01 1.58854799e-01
 1.92192192e-01 2.04485328e-01
 1.94194194e-01 2.46526005e-01
 1.96196196e-01 2.84048401e-01
 1.98198198e-01 3.16124083e-01
 2.00200200e-01 3.41824623e-01
 2.02202202e-01 3.60221588e-01
 2.04204204e-01 3.70386550e-01
 2.06206206e-01 3.71391076e-01
 2.08208208e-01 3.63166270e-01
 2.10210210e-01 3.49081365e-01
 2.12212212e-01 3.32692616e-01
 2.14214214e-01 3.14866230e-01
 2.16216216e-01 2.95795904e-01
 2.18218218e-01 2.75675335e-01
 2.20220220e-01 2.54698218e-01
 2.22222222e-01 2.33058249e-01
 2.24224224e-01 2.10949125e-01
 2.26226226e-01 1.88564541e-01
 2.28228228e-01 1.66098195e-01
 2.30230230e-01 1.43743781e-01
 2.32232232e-01 1.21694997e-01
 2.34234234e-01 1.00145538e-01
 2.36236236e-01 7.92891009e-02
 2.38238238e-01 5.93193815e-02
 2.40240240e-01 4.04300760e-02
 2.42242242e-01 2.28148806e-02
 2.44244244e-01 6.66749151e-03
 2.46246246e-01 -7.81839514e-03
 2.48248248e-01 -2.04490832e-02
 2.50250250e-01 -3.10308764e-02
 2.52252252e-01 -3.93700787e-02
 2.54254254e-01 -4.51595339e-02
 2.56256256e-01 -4.76382459e-02
 2.58258258e-01 -4.59317585e-02
 2.60260260e-01 -3.93772646e-02
 2.62262262e-01 -2.81585522e-02
 2.64264264e-01 -1.26710585e-02
 2.66266266e-01 6.68977957e-03
 2.68268268e-01 2.95285248e-02
 2.70270270e-01 5.54497403e-02
 2.72272272e-01 8.40579889e-02
 2.74274274e-01 1.14957834e-01
 2.76276276e-01 1.47753837e-01
 2.78278278e-01 1.82050563e-01
 2.80280280e-01 2.17452574e-01
 2.82282282e-01 2.53564432e-01
 2.84284284e-01 2.89990701e-01
 2.86286286e-01 3.26335945e-01
 2.88288288e-01 3.62204724e-01
 2.90290290e-01 3.96942625e-01
 2.92292292e-01 4.28859312e-01
 2.94294294e-01 4.56005475e-01
 2.96296296e-01 4.76431800e-01
 2.98298298e-01 4.88188976e-01
 3.00300300e-01 4.89787841e-01
 3.02302302e-01 4.81579833e-01
 3.04304304e-01 4.64376544e-01
 3.06306306e-01 4.38989563e-01
 3.08308308e-01 4.06230479e-01
 3.10310310e-01 3.66910884e-01
 3.12312312e-01 3.21842366e-01
 3.14314314e-01 2.71836516e-01
 3.16316316e-01 2.17704924e-01
 3.18318318e-01 1.60259180e-01
 3.20320320e-01 1.00310873e-01
 3.22322322e-01 3.86715940e-02
 3.24324324e-01 -2.38470675e-02
 3.26326326e-01 -8.64335215e-02
 3.28328328e-01 -1.48276178e-01
 3.30330330e-01 -2.08563447e-01
 3.32332332e-01 -2.66483739e-01
 3.34334334e-01 -3.21225464e-01
 3.36336336e-01 -3.71977031e-01
 3.38338338e-01 -4.17926851e-01
 3.40340340e-01 -4.58263334e-01
 3.42342342e-01 -4.92174889e-01
 3.44344344e-01 -5.18849928e-01
 3.46346346e-01 -5.37476860e-01
 3.48348348e-01 -5.47244094e-01
 3.50350350e-01 -5.48298331e-01
 3.52352352e-01 -5.44619423e-01
 3.54354354e-01 -5.40320644e-01
 3.56356356e-01 -5.36215797e-01
 3.58358358e-01 -5.32293820e-01
 3.60360360e-01 -5.28543646e-01
 3.62362362e-01 -5.24954213e-01
 3.64364364e-01 -5.21514455e-01
 3.66366366e-01 -5.18213308e-01
 3.68368368e-01 -5.15039709e-01
 3.70370370e-01 -5.11982592e-01
 3.72372372e-01 -5.09030893e-01
 3.74374374e-01 -5.06173548e-01
 3.76376376e-01 -5.03399493e-01
 3.78378378e-01 -5.00697663e-01
 3.80380380e-01 -4.98056995e-01
 3.82382382e-01 -4.95466423e-01
 3.84384384e-01 -4.92914883e-01
 3.86386386e-01 -4.90391312e-01
 3.88388388e-01 -4.87884644e-01
 3.90390390e-01 -4.85383816e-01
 3.92392392e-01 -4.82877764e-01
 3.94394394e-01 -4.80355422e-01
 3.96396396e-01 -4.77805726e-01
 3.98398398e-01 -4.75217613e-01
 4.00400400e-01 -4.72580018e-01
 4.02402402e-01 -4.69881876e-01
 4.04404404e-01 -4.67112124e-01
 4.06406406e-01 -4.64259696e-01
 4.08408408e-01 -4.61313529e-01
 4.10410410e-01 -4.58262559e-01
 4.12412412e-01 -4.55095721e-01
 4.14414414e-01 -4.51801950e-01
 4.16416416e-01 -4.48370183e-01
 4.18418418e-01 -4.44789355e-01
 4.20420420e-01 -4.41048401e-01
 4.22422422e-01 -4.37136258e-01
 4.24424424e-01 -4.33041862e-01
 4.26426426e-01 -4.28754147e-01
 4.28428428e-01 -4.24262049e-01
 4.30430430e-01 -4.19554505e-01
 4.32432432e-01 -4.14620450e-01
 4.34434434e-01 -4.09448819e-01
 4.36436436e-01 -4.04032528e-01
 4.38438438e-01 -3.98380407e-01
 4.40440440e-01 -3.92505269e-01
 4.42442442e-01 -3.86419924e-01
 4.44444444e-01 -3.80137182e-01
 4.46446446e-01 -3.73669854e-01
 4.48448448e-01 -3.67030752e-01
 4.50450450e-01 -3.60232686e-01
 4.52452452e-01 -3.53288467e-01
 4.54454454e-01 -3.46210905e-01
 4.56456456e-01 -3.39012812e-01
 4.58458458e-01 -3.31706999e-01
 4.60460460e-01 -3.24306275e-01
 4.62462462e-01 -3.16823453e-01
 4.64464464e-01 -3.09271343e-01
 4.66466466e-01 -3.01662756e-01
 4.68468468e-01 -2.94010502e-01
 4.70470470e-01 -2.86327392e-01
 4.72472472e-01 -2.78626238e-01
 4.74474474e-01 -2.70919850e-01
 4.76476476e-01 -2.63221038e-01
 4.78478478e-01 -2.55542615e-01
 4.80480480e-01 -2.47897390e-01
 4.82482482e-01 -2.40298174e-01
 4.84484484e-01 -2.32757779e-01
 4.86486486e-01 -2.25289015e-01
 4.88488488e-01 -2.17904693e-01
 4.90490490e-01 -2.10617623e-01
 4.92492492e-01 -2.03440617e-01
 4.94494494e-01 -1.96386485e-01
 4.96496496e-01 -1.89468039e-01
 4.98498498e-01 -1.82698089e-01
 5.00500501e-01 -1.76089445e-01
 5.02502503e-01 -1.69654919e-01
 5.04504505e-01 -1.63407322e-01
 5.06506507e-01 -1.57359465e-01
 5.08508509e-01 -1.51524157e-01
 5.10510511e-01 -1.45914211e-01
 5.12512513e-01 -1.40542436e-01
 5.14514515e-01 -1.35421644e-01
 5.16516517e-01 -1.30564646e-01
 5.18518519e-01 -1.25984252e-01
 5.20520521e-01 -1.21504128e-01
 5.22522523e-01 -1.16191359e-01
 5.24524525e-01 -1.08923885e-01
 5.26526527e-01 -9.87303421e-02
 5.28528529e-01 -8.52421613e-02
 5.30530531e-01 -6.82414698e-02
 5.32532533e-01 -4.76614187e-02
 5.34534535e-01 -2.40392530e-02
 5.36536537e-01 1.93675873e-03
 5.38538539e-01 2.95783481e-02
 5.40540541e-01 5.81972465e-02
 5.42542543e-01 8.71051856e-02
 5.44544545e-01 1.15613897e-01
 5.46546547e-01 1.43035111e-01
 5.48548549e-01 1.68680561e-01
 5.50550551e-01 1.91861977e-01
 5.52552553e-01 2.11891092e-01
 5.54554555e-01 2.28079636e-01
 5.56556557e-01 2.39739341e-01
 5.58558559e-01 2.46181938e-01
 5.60560561e-01 2.46719160e-01
 5.62562563e-01 2.42923040e-01
 5.64564565e-01 2.45406824e-01
 5.66566567e-01 2.62552636e-01
 5.68568569e-01 2.84776903e-01
 5.70570571e-01 3.00478151e-01
 5.72572573e-01 3.07949004e-01
 5.74574575e-01 3.07955613e-01
 5.76576577e-01 3.01264127e-01
 5.78578579e-01 2.88640694e-01
 5.80580581e-01 2.70851465e-01
 5.82582583e-01 2.48662589e-01
 5.84584585e-01 2.22840214e-01
 5.86586587e-01 1.94150491e-01
 5.88588589e-01 1.63359568e-01
 5.90590591e-01 1.31233596e-01
 5.92592593e-01 9.84832804e-02
 5.94594595e-01 6.55975600e-02
 5.96596597e-01 3.30099301e-02
 5.98598599e-01 1.15388631e-03
 6.00600601e-01 -2.95370758e-02
 6.02602603e-01 -5.86294606e-02
 6.04604605e-01 -8.56897725e-02
 6.06606607e-01 -1.10284516e-01
 6.08608609e-01 -1.31980196e-01
 6.10610611e-01 -1.50343316e-01
 6.12612613e-01 -1.64940380e-01
 6.14614615e-01 -1.75337894e-01
 6.16616617e-01 -1.81102362e-01
 6.18618619e-01 -1.81821185e-01
 6.20620621e-01 -1.77165354e-01
 6.22622623e-01 -1.66980558e-01
 6.24624625e-01 -1.51727689e-01
 6.26626627e-01 -1.32021440e-01
 6.28628629e-01 -1.08476506e-01
 6.30630631e-01 -8.17075788e-02
 6.32632633e-01 -5.23293526e-02
 6.34634635e-01 -2.09565206e-02
 6.36636637e-01 1.17962237e-02
 6.38638639e-01 4.53141868e-02
 6.40640641e-01 7.89826755e-02
 6.42642643e-01 1.12186996e-01
 6.44644645e-01 1.44312456e-01
 6.46646647e-01 1.74744360e-01
 6.48648649e-01 2.02868016e-01
 6.50650651e-01 2.28068731e-01
 6.52652653e-01 2.49731811e-01
 6.54654655e-01 2.67242562e-01
 6.56656657e-01 2.79986291e-01
 6.58658659e-01 2.87348305e-01
 6.60660661e-01 2.88713911e-01
 6.62662663e-01 2.83664888e-01
 6.64664665e-01 2.72568914e-01
 6.66666667e-01 2.55990139e-01
 6.68668669e-01 2.34492715e-01
 6.70670671e-01 2.08640791e-01
 6.72672673e-01 1.78998519e-01
 6.74674675e-01 1.46130050e-01
 6.76676677e-01 1.10599533e-01
 6.78678679e-01 7.29711213e-02
 6.80680681e-01 3.38089640e-02
 6.82682683e-01 -6.32278780e-03
 6.84684685e-01 -4.68599832e-02
 6.86686687e-01 -8.72384715e-02
 6.88688689e-01 -1.26894102e-01
 6.90690691e-01 -1.65262724e-01
 6.92692693e-01 -2.01780186e-01
 6.94694695e-01 -2.35882338e-01
 6.96696697e-01 -2.67005029e-01
 6.98698699e-01 -2.94584109e-01
 7.00700701e-01 -3.18055426e-01
 7.02702703e-01 -3.36854829e-01
 7.04704705e-01 -3.50418169e-01
 7.06706707e-01 -3.58181293e-01
 7.08708709e-01 -3.59580052e-01
 7.10710711e-01 -3.54497420e-01
 7.12712713e-01 -3.44604869e-01
 7.14714715e-01 -3.32020997e-01
 7.16716717e-01 -3.18466110e-01
 7.18718719e-01 -3.04067344e-01
 7.20720721e-01 -2.88553540e-01
 7.22722723e-01 -2.71653543e-01
 7.24724725e-01 -2.53290734e-01
 7.26726727e-01 -2.34166648e-01
 7.28728729e-01 -2.15177358e-01
 7.30730731e-01 -1.97218938e-01
 7.32732733e-01 -1.81187462e-01
 7.34734735e-01 -1.67979003e-01
 7.36736737e-01 -1.58171739e-01
 7.38738739e-01 -1.51072268e-01
 7.40740741e-01 -1.45669291e-01
 7.42742743e-01 -1.41117239e-01
 7.44744745e-01 -1.37233455e-01
 7.46746747e-01 -1.34001012e-01
 7.48748749e-01 -1.31402981e-01
 7.50750751e-01 -1.29422434e-01
 7.52752753e-01 -1.28042443e-01
 7.54754755e-01 -1.27246081e-01
 7.56756757e-01 -1.27016420e-01
 7.58758759e-01 -1.27336531e-01
 7.60760761e-01 -1.28189486e-01
 7.62762763e-01 -1.29558358e-01
 7.64764765e-01 -1.31426219e-01
 7.66766767e-01 -1.33776140e-01
 7.68768769e-01 -1.36591194e-01
 7.70770771e-01 -1.39854453e-01
 7.72772773e-01 -1.43548989e-01
 7.74774775e-01 -1.47657873e-01
 7.76776777e-01 -1.52164178e-01
 7.78778779e-01 -1.57050977e-01
 7.80780781e-01 -1.62301340e-01
 7.82782783e-01 -1.67898340e-01
 7.84784785e-01 -1.73825049e-01
 7.86786787e-01 -1.80064539e-01
 7.88788789e-01 -1.86599882e-01
 7.90790791e-01 -1.93414150e-01
 7.92792793e-01 -2.00490415e-01
 7.94794795e-01 -2.07811750e-01
 7.96796797e-01 -2.15361225e-01
 7.98798799e-01 -2.23121914e-01
 8.00800801e-01 -2.31076889e-01
 8.02802803e-01 -2.39209220e-01
 8.04804805e-01 -2.47501981e-01
 8.06806807e-01 -2.55938244e-01
 8.08808809e-01 -2.64501080e-01
 8.10810811e-01 -2.73173561e-01
 8.12812813e-01 -2.81938760e-01
 8.14814815e-01 -2.90779748e-01
 8.16816817e-01 -2.99679598e-01
 8.18818819e-01 -3.08621382e-01
 8.20820821e-01 -3.17588171e-01
 8.22822823e-01 -3.26563038e-01
 8.24824825e-01 -3.35529055e-01
 8.26826827e-01 -3.44469294e-01
 8.28828829e-01 -3.53366826e-01
 8.30830831e-01 -3.62204724e-01
 8.32832833e-01 -3.70263791e-01
 8.34834835e-01 -3.74015748e-01
 8.36836837e-01 -3.70081932e-01
 8.38838839e-01 -3.58491212e-01
 8.40840841e-01 -3.40124339e-01
 8.42842843e-01 -3.15862063e-01
 8.44844845e-01 -2.86585136e-01
 8.46846847e-01 -2.53174310e-01
 8.48848849e-01 -2.16510336e-01
 8.50850851e-01 -1.77473965e-01
 8.52852853e-01 -1.36945948e-01
 8.54854855e-01 -9.58070364e-02
 8.56856857e-01 -5.49379819e-02
 8.58858859e-01 -1.52195356e-02
 8.60860861e-01 2.24675513e-02
 8.62862863e-01 5.72425274e-02
 8.64864865e-01 8.82246416e-02
 8.66866867e-01 1.14533142e-01
 8.68868869e-01 1.35287279e-01
 8.70870871e-01 1.49606299e-01
 8.72872873e-01 1.57087012e-01
 8.74874875e-01 1.59236463e-01
 8.76876877e-01 1.58039259e-01
 8.78878879e-01 1.55480005e-01
 8.80880881e-01 1.53543307e-01
 8.82882883e-01 1.53636226e-01
 8.84884885e-01 1.54855643e-01
 8.86886887e-01 1.55828848e-01
 8.88888889e-01 1.55614937e-01
 8.90890891e-01 1.53380959e-01
 8.92892893e-01 1.48293963e-01
 8.94894895e-01 1.39890617e-01
 8.96896897e-01 1.29186067e-01
 8.98898899e-01 1.17565080e-01
 9.00900901e-01 1.06412423e-01
 9.02902903e-01 9.71128609e-02
 9.04904905e-01 9.07275919e-02
 9.06906907e-01 8.70235378e-02
 9.08908909e-01 8.54440515e-02
 9.10910911e-01 8.54324861e-02
 9.12912913e-01 8.64321946e-02
 9.14914915e-01 8.78865300e-02
 9.16916917e-01 8.92388451e-02
 9.18918919e-01 9.00305373e-02
 9.20920921e-01 9.01951798e-02
 9.22922923e-01 8.97643903e-02
 9.24924925e-01 8.87697864e-02
 9.26926927e-01 8.72429857e-02
 9.28928929e-01 8.52156057e-02
 9.30930931e-01 8.27192640e-02
 9.32932933e-01 7.97855782e-02
 9.34934935e-01 7.64461658e-02
 9.36936937e-01 7.27326445e-02
 9.38938939e-01 6.86766318e-02
 9.40940941e-01 6.43097452e-02
 9.42942943e-01 5.96636025e-02
 9.44944945e-01 5.47698211e-02
 9.46946947e-01 4.96600186e-02
 9.48948949e-01 4.43658126e-02
 9.50950951e-01 3.89188207e-02
 9.52952953e-01 3.33506605e-02
 9.54954955e-01 2.76929495e-02
 9.56956957e-01 2.19773053e-02
 9.58958959e-01 1.62353455e-02
 9.60960961e-01 1.04986877e-02
 9.62962963e-01 5.06702284e-03
 9.64964965e-01 1.31233596e-03
 9.66966967e-01 3.64461205e-04
 9.68968969e-01 1.31233596e-03
 9.70970971e-01 2.16935806e-03
 9.72972973e-01 -1.31233596e-03
 9.74974975e-01 -1.16665654e-02
 9.76976977e-01 -2.23097113e-02
 9.78978979e-01 -2.63692384e-02
 9.80980981e-01 -2.49343832e-02
 9.82982983e-01 -2.06355933e-02
 9.84984985e-01 -1.43063874e-02
 9.86986987e-01 -6.33105218e-03
 9.88988989e-01 2.90612567e-03
 9.90990991e-01 1.30208595e-02
 9.92992993e-01 2.36288627e-02
 9.94994995e-01 3.43458486e-02
 9.96996997e-01 4.47875305e-02
 9.98998999e-01 5.45696218e-02
 1.00100100e+00 6.33078359e-02
 1.00300300e+00 7.06178860e-02
 1.00500501e+00 7.61154856e-02
 1.00700701e+00 7.93735067e-02
 1.00900901e+00 7.97934564e-02
 1.01101101e+00 7.67340008e-02
 1.01301301e+00 6.95538058e-02
 1.01501502e+00 5.80072265e-02
 1.01701702e+00 4.34313756e-02
 1.01901902e+00 2.75590551e-02
 1.02102102e+00 1.19034171e-02
 1.02302302e+00 -2.90098513e-03
 1.02502503e+00 -1.64392482e-02
 1.02702703e+00 -2.82964686e-02
 1.02902903e+00 -3.80577428e-02
 1.03103103e+00 -4.46814904e-02
 1.03303303e+00 -4.46194226e-02
 1.03503504e+00 -3.51769063e-02
 1.03703704e+00 -1.95806391e-02
 1.03903904e+00 -2.53765096e-03
 1.04104104e+00 1.12450279e-02
 1.04304304e+00 1.70603675e-02
 1.04504505e+00 1.27764340e-02
 1.04704705e+00 6.56167979e-03
 1.04904905e+00 6.49458114e-03
 1.05105105e+00 9.99332444e-03
 1.05305305e+00 1.18110236e-02
 1.05505506e+00 9.00807641e-03
 1.05705706e+00 7.87401575e-03
 1.05905906e+00 1.46615206e-02
 1.06106106e+00 2.62467192e-02
 1.06306306e+00 3.74967597e-02
 1.06506507e+00 4.46194226e-02
 1.06706707e+00 4.49338830e-02
 1.06906907e+00 3.88642623e-02
 1.07107107e+00 2.76109188e-02
 1.07307307e+00 1.23742106e-02
 1.07507508e+00 -5.64550425e-03
 1.07707708e+00 -2.52478676e-02
 1.07907908e+00 -4.52325212e-02
 1.08108108e+00 -6.43991071e-02
 1.08308308e+00 -8.15472671e-02
 1.08508509e+00 -9.54766429e-02
 1.08708709e+00 -1.04986877e-01
 1.08908909e+00 -1.09344736e-01
 1.09109109e+00 -1.09685494e-01
 1.09309309e+00 -1.07611549e-01
 1.09509510e+00 -1.04607355e-01
 1.09709710e+00 -1.01685590e-01
 1.09909910e+00 -9.97409872e-02
 1.10110110e+00 -9.96682810e-02
 1.10310310e+00 -1.02362205e-01
 1.10510511e+00 -1.07707452e-01
 1.10710711e+00 -1.11548556e-01
 1.10910911e+00 -1.09725114e-01
 1.11111111e+00 -1.02097124e-01
 1.11311311e+00 -8.95296875e-02
 1.11511512e+00 -7.28879066e-02
 1.11711712e+00 -5.30368823e-02
 1.11911912e+00 -3.08417156e-02
 1.12112112e+00 -7.16750798e-03
 1.12312312e+00 1.71206394e-02
 1.12512513e+00 4.11576253e-02
 1.12712713e+00 6.40783484e-02
 1.12912913e+00 8.50177074e-02
 1.13113113e+00 1.03110601e-01
 1.13313313e+00 1.17491928e-01
 1.13513514e+00 1.27296588e-01
 1.13713714e+00 1.31933895e-01
 1.13913914e+00 1.31910830e-01
 1.14114114e+00 1.28008791e-01
 1.14314314e+00 1.21009176e-01
 1.14514515e+00 1.11693381e-01
 1.14714715e+00 1.00842805e-01
 1.14914915e+00 8.92388451e-02
 1.15115115e+00 7.74209602e-02
 1.15315315e+00 6.49608571e-02
 1.15515516e+00 5.11883045e-02
 1.15715716e+00 3.54330709e-02
 1.15915916e+00 1.72022204e-02
 1.16116116e+00 -3.28800048e-03
 1.16316316e+00 -2.56440497e-02
 1.16516517e+00 -4.94723852e-02
 1.16716717e+00 -7.43794648e-02
 1.16916917e+00 -9.99717467e-02
 1.17117117e+00 -1.25855689e-01
 1.17317317e+00 -1.51637748e-01
 1.17517518e+00 -1.76924384e-01
 1.17717718e+00 -2.01322054e-01
 1.17917918e+00 -2.24437216e-01
 1.18118118e+00 -2.45876327e-01
 1.18318318e+00 -2.65245846e-01
 1.18518519e+00 -2.82152231e-01
 1.18718719e+00 -2.95556419e-01
 1.18918919e+00 -3.01837270e-01
 1.19119119e+00 -2.98075543e-01
 1.19319319e+00 -2.86741680e-01
 1.19519520e+00 -2.71653543e-01
 1.19719720e+00 -2.56005220e-01
 1.19919920e+00 -2.40495695e-01
 1.20120120e+00 -2.25200174e-01
 1.20320320e+00 -2.10193867e-01
 1.20520521e+00 -1.95551981e-01
 1.20720721e+00 -1.81349724e-01
 1.20920921e+00 -1.67662303e-01
 1.21121121e+00 -1.54564928e-01
 1.21321321e+00 -1.42132806e-01
 1.21521522e+00 -1.30441144e-01
 1.21721722e+00 -1.19565151e-01
 1.21921922e+00 -1.09580034e-01
 1.22122122e+00 -1.00561002e-01
 1.22322322e+00 -9.25832631e-02
 1.22522523e+00 -8.57220241e-02
 1.22722723e+00 -8.00524934e-02
 1.22922923e+00 -7.56955178e-02
 1.23123123e+00 -7.29544991e-02
 1.23323323e+00 -7.21784777e-02
 1.23523524e+00 -7.34311987e-02
 1.23723724e+00 -7.56352244e-02
 1.23923924e+00 -7.74278215e-02
 1.24124124e+00 -7.75029887e-02
 1.24324324e+00 -7.47816521e-02
 1.24524525e+00 -6.82414698e-02
 1.24724725e+00 -5.76496696e-02
 1.24924925e+00 -4.59317585e-02
 1.25125125e+00 -3.58364145e-02
 1.25325325e+00 -2.62467192e-02
 1.25525526e+00 -1.55947699e-02
 1.25725726e+00 -4.37432324e-03
 1.25925926e+00 6.40544983e-03
 1.26126126e+00 1.57353781e-02
 1.26326326e+00 2.26062906e-02
 1.26526527e+00 2.60090160e-02
 1.26726727e+00 2.49343832e-02
 1.26926927e+00 1.87744058e-02
 1.27127127e+00 8.52583600e-03
 1.27327327e+00 -4.41338942e-03
 1.27527528e+00 -1.86453336e-02
 1.27727728e+00 -3.27720597e-02
 1.27927928e+00 -4.53956308e-02
 1.28128128e+00 -5.51181102e-02
 1.28328328e+00 -6.08181471e-02
 1.28528529e+00 -6.24807351e-02
 1.28728729e+00 -6.03674541e-02
 1.28928929e+00 -5.52410290e-02
 1.29129129e+00 -4.98687664e-02
 1.29329329e+00 -4.63358949e-02
 1.29529530e+00 -4.19947507e-02
 1.29729730e+00 -3.37429038e-02
 1.29929930e+00 -2.13917531e-02
 1.30130130e+00 -5.48115451e-03
 1.30330330e+00 1.34490361e-02
 1.30530531e+00 3.48589629e-02
 1.30730731e+00 5.82087698e-02
 1.30930931e+00 8.29586010e-02
 1.31131131e+00 1.08568601e-01
 1.31331331e+00 1.34498913e-01
 1.31531532e+00 1.60209681e-01
 1.31731732e+00 1.85161051e-01
 1.31931932e+00 2.08813165e-01
 1.32132132e+00 2.30626167e-01
 1.32332332e+00 2.50060203e-01
 1.32532533e+00 2.66575416e-01
 1.32732733e+00 2.79631950e-01
 1.32932933e+00 2.88689949e-01
 1.33133133e+00 2.93209557e-01
 1.33333333e+00 2.92650919e-01
 1.33533534e+00 2.86651051e-01
 1.33733734e+00 2.75554465e-01
 1.33933934e+00 2.59882545e-01
 1.34134134e+00 2.40156676e-01
 1.34334334e+00 2.16898241e-01
 1.34534535e+00 1.90628624e-01
 1.34734735e+00 1.61869211e-01
 1.34934935e+00 1.31141385e-01
 1.35135135e+00 9.89665305e-02
 1.35335335e+00 6.58660318e-02
 1.35535536e+00 3.23612731e-02
 1.35735736e+00 -1.02636115e-03
 1.35935936e+00 -3.37754869e-02
 1.36136136e+00 -6.53647197e-02
 1.36336336e+00 -9.52726754e-02
 1.36536537e+00 -1.22977970e-01
 1.36736737e+00 -1.47959219e-01
 1.36936937e+00 -1.69695037e-01
 1.37137137e+00 -1.87664042e-01
 1.37337337e+00 -2.01403893e-01
 1.37537538e+00 -2.10688430e-01
 1.37737738e+00 -2.15350536e-01
 1.37937938e+00 -2.15223097e-01
 1.38138138e+00 -2.10246193e-01
 1.38338338e+00 -2.00788693e-01
 1.38538539e+00 -1.87326662e-01
 1.38738739e+00 -1.70336167e-01
 1.38938939e+00 -1.50293273e-01
 1.39139139e+00 -1.27674045e-01
 1.39339339e+00 -1.02954550e-01
 1.39539540e+00 -7.66108519e-02
 1.39739740e+00 -4.91190178e-02
 1.39939940e+00 -2.09551129e-02
 1.40140140e+00 7.40479720e-03
 1.40340340e+00 3.54846468e-02
 1.40540541e+00 6.28083701e-02
 1.40740741e+00 8.88999017e-02
 1.40940941e+00 1.13283176e-01
 1.41141141e+00 1.35482127e-01
 1.41341341e+00 1.55020689e-01
 1.41541542e+00 1.71422796e-01
 1.41741742e+00 1.84212384e-01
 1.41941942e+00 1.92913386e-01
 1.42142142e+00 1.97629990e-01
 1.42342342e+00 2.00787402e-01
 1.42542543e+00 2.04419425e-01
 1.42742743e+00 2.06673249e-01
 1.42942943e+00 2.04724409e-01
 1.43143143e+00 1.96420982e-01
 1.43343343e+00 1.82301200e-01
 1.43543544e+00 1.63575836e-01
 1.43743744e+00 1.41455663e-01
 1.43943944e+00 1.17151453e-01
 1.44144144e+00 9.18739807e-02
 1.44344344e+00 6.68340176e-02
 1.44544545e+00 4.32423368e-02
 1.44744745e+00 2.23097113e-02
 1.44944945e+00 5.11115526e-03
 1.45145145e+00 -7.82135164e-03
 1.45345345e+00 -1.60915884e-02
 1.45545546e+00 -1.93033340e-02
 1.45745746e+00 -1.70603675e-02
 1.45945946e+00 -9.96637499e-03
 1.46146146e+00 -2.62467192e-03
 1.46346346e+00 3.98855249e-04
 1.46546547e+00 -1.31233596e-03
 1.46746747e+00 -7.06897924e-03
 1.46946947e+00 -1.59079174e-02
 1.47147147e+00 -2.67975203e-02
 1.47347347e+00 -3.87061582e-02
 1.47547548e+00 -5.06022010e-02
 1.47747748e+00 -6.14540187e-02
 1.47947948e+00 -7.02299813e-02
 1.48148148e+00 -7.58984589e-02
 1.48348348e+00 -7.74278215e-02
 1.48548549e+00 -7.44878296e-02
 1.48748749e+00 -6.95538058e-02
 1.48948949e+00 -6.51816491e-02
 1.49149149e+00 -6.14440033e-02
 1.49349349e+00 -5.77926983e-02
 1.49549550e+00 -5.36795641e-02
 1.49749750e+00 -4.85564304e-02
 1.49949950e+00 -4.21683256e-02
 1.50150150e+00 -3.54330709e-02
 1.50350350e+00 -2.93528357e-02
 1.50550551e+00 -2.40943903e-02
 1.50750751e+00 -1.96156548e-02
 1.50950951e+00 -1.58745494e-02
 1.51151151e+00 -1.28289942e-02
 1.51351351e+00 -1.04369096e-02
 1.51551552e+00 -8.65621565e-03
 1.51751752e+00 -7.44483256e-03
 1.51951952e+00 -6.76068055e-03
 1.52152152e+00 -6.56167979e-03
 1.52352352e+00 -6.81976815e-03
 1.52552553e+00 -7.56295414e-03
 1.52752753e+00 -8.83326392e-03
 1.52952953e+00 -1.06727237e-02
 1.53153153e+00 -1.31233596e-02
 1.53353353e+00 -1.61490508e-02
 1.53553554e+00 -1.94010883e-02
 1.53753754e+00 -2.24526162e-02
 1.53953954e+00 -2.48767785e-02
 1.54154154e+00 -2.62467192e-02
 1.54354354e+00 -2.62867412e-02
 1.54554555e+00 -2.53257833e-02
 1.54754755e+00 -2.38439431e-02
 1.54954955e+00 -2.23213181e-02
 1.55155155e+00 -2.12380061e-02
 1.55355355e+00 -2.10741046e-02
 1.55555556e+00 -2.23097113e-02
 1.55755756e+00 -2.52848687e-02
 1.55955956e+00 -2.97793994e-02
 1.56156156e+00 -3.54330709e-02
 1.56356356e+00 -4.19148685e-02
 1.56556557e+00 -4.90106495e-02
 1.56756757e+00 -5.65354889e-02
 1.56956957e+00 -6.43044619e-02
 1.57157157e+00 -7.21099488e-02
 1.57357357e+00 -7.96535505e-02
 1.57557558e+00 -8.66141732e-02
 1.57757758e+00 -9.27776606e-02
 1.57957958e+00 -9.83576062e-02
 1.58158158e+00 -1.03674541e-01
 1.58358358e+00 -1.08739637e-01
 1.58558559e+00 -1.12326637e-01
 1.58758759e+00 -1.12899925e-01
 1.58958959e+00 -1.08923885e-01
 1.59159159e+00 -1.00198170e-01
 1.59359359e+00 -9.18635171e-02
 1.59559560e+00 -8.85935577e-02
 1.59759760e+00 -8.78524153e-02
 1.59959960e+00 -8.53018373e-02
 1.60160160e+00 -7.79723298e-02
 1.60360360e+00 -6.83694351e-02
 1.60560561e+00 -6.03674541e-02
 1.60760761e+00 -5.63194380e-02
 1.60960961e+00 -5.24934383e-02
 1.61161161e+00 -4.51675956e-02
 1.61361361e+00 -3.67454068e-02
 1.61561562e+00 -3.00705471e-02
 1.61761762e+00 -2.36220472e-02
 1.61961962e+00 -1.55411201e-02
 1.62162162e+00 -6.98235024e-03
 1.62362362e+00 1.46334917e-04
 1.62562563e+00 3.93700787e-03
 1.62762763e+00 4.06787522e-03
 1.62962963e+00 6.56167979e-03
 1.63163163e+00 1.66221353e-02
 1.63363363e+00 2.98323024e-02
 1.63563564e+00 3.93700787e-02
 1.63763764e+00 4.03249895e-02
 1.63963964e+00 3.54330709e-02
 1.64164164e+00 2.86292334e-02
 1.64364364e+00 2.09973753e-02
 1.64564565e+00 1.30016313e-02
 1.64764765e+00 5.47809413e-03
 1.64964965e+00 -6.44153624e-04
 1.65165165e+00 -4.43602953e-03
 1.65365365e+00 -4.96845113e-03
 1.65565566e+00 -1.31233596e-03
 1.65765766e+00 6.82535223e-03
 1.65965966e+00 1.71934647e-02
 1.66166166e+00 2.69048066e-02
 1.66366366e+00 3.30721830e-02
 1.66566567e+00 3.28083990e-02
 1.66766767e+00 2.43587743e-02
 1.66966967e+00 1.04986877e-02
 1.67167167e+00 -5.44085727e-03
 1.67367367e+00 -2.24364168e-02
 1.67567568e+00 -4.00414370e-02
 1.67767768e+00 -5.78093642e-02
 1.67967968e+00 -7.52936445e-02
 1.68168168e+00 -9.20477240e-02
 1.68368368e+00 -1.07625049e-01
 1.68568569e+00 -1.21579066e-01
 1.68768769e+00 -1.33463220e-01
 1.68968969e+00 -1.42830958e-01
 1.69169169e+00 -1.49235726e-01
 1.69369369e+00 -1.52230971e-01
 1.69569570e+00 -1.51571555e-01
 1.69769770e+00 -1.47818010e-01
 1.69969970e+00 -1.41732283e-01
 1.70170170e+00 -1.33984962e-01
 1.70370370e+00 -1.24881181e-01
 1.70570571e+00 -1.14634717e-01
 1.70770771e+00 -1.03459344e-01
 1.70970971e+00 -9.15688365e-02
 1.71171171e+00 -7.91769688e-02
 1.71371371e+00 -6.64975157e-02
 1.71571572e+00 -5.37442520e-02
 1.71771772e+00 -4.11309523e-02
 1.71971972e+00 -2.88713911e-02
 1.72172172e+00 -1.78721481e-02
 1.72372372e+00 -1.18110236e-02
 1.72572573e+00 -1.23727648e-02
 1.72772773e+00 -1.04986877e-02
 1.72972973e+00 2.07449362e-03
 1.73173173e+00 1.96850394e-02
 1.73373373e+00 3.46666276e-02
 1.73573574e+00 4.52596326e-02
 1.73773774e+00 5.11811024e-02
 1.73973974e+00 5.23385005e-02
 1.74174174e+00 4.94009518e-02
 1.74374374e+00 4.32279965e-02
 1.74574575e+00 3.46791746e-02
 1.74774775e+00 2.46140265e-02
 1.74974975e+00 1.38920921e-02
 1.75175175e+00 3.37291183e-03
 1.75375375e+00 -6.08397431e-03
 1.75575576e+00 -1.36190261e-02
 1.75775776e+00 -1.83727034e-02
 1.75975976e+00 -1.99338742e-02
 1.76176176e+00 -1.96850394e-02
 1.76376376e+00 -1.91116551e-02
 1.76576577e+00 -1.83173669e-02
 1.76776777e+00 -1.70603675e-02
 1.76976977e+00 -1.50513518e-02
 1.77177177e+00 -1.18110236e-02
 1.77377377e+00 -6.71786348e-03
 1.77577578e+00 1.22854903e-03
 1.77777778e+00 1.31233596e-02
 1.77977978e+00 2.94012383e-02
 1.78178178e+00 4.78549535e-02
 1.78378378e+00 6.56167979e-02
 1.78578579e+00 8.03258775e-02
 1.78778779e+00 9.16485519e-02
 1.78978979e+00 9.97579939e-02
 1.79179179e+00 1.04827376e-01
 1.79379379e+00 1.07029872e-01
 1.79579580e+00 1.06538655e-01
 1.79779780e+00 1.03526896e-01
 1.79979980e+00 9.81677694e-02
 1.80180180e+00 9.06344478e-02
 1.80380380e+00 8.11001040e-02
 1.80580581e+00 6.97379108e-02
 1.80780781e+00 5.67210413e-02
 1.80980981e+00 4.22226681e-02
 1.81181181e+00 2.64159643e-02
 1.81381381e+00 9.47410276e-03
 1.81581582e+00 -8.42974375e-03
 1.81781782e+00 -2.71224023e-02
 1.81981982e+00 -4.64307000e-02
 1.82182182e+00 -6.61814639e-02
 1.82382382e+00 -8.62015213e-02
 1.82582583e+00 -1.06317699e-01
 1.82782783e+00 -1.26356825e-01
 1.82982983e+00 -1.46145725e-01
 1.83183183e+00 -1.65511227e-01
 1.83383383e+00 -1.84280158e-01
 1.83583584e+00 -2.02279345e-01
 1.83783784e+00 -2.19335616e-01
 1.83983984e+00 -2.35275797e-01
 1.84184184e+00 -2.49926715e-01
 1.84384384e+00 -2.63115198e-01
 1.84584585e+00 -2.74668072e-01
 1.84784785e+00 -2.84412166e-01
 1.84984985e+00 -2.92174305e-01
 1.85185185e+00 -2.97781318e-01
 1.85385385e+00 -3.01060030e-01
 1.85585586e+00 -3.01837270e-01
 1.85785786e+00 -2.99946659e-01
 1.85985986e+00 -2.95248996e-01
 1.86186186e+00 -2.87611874e-01
 1.86386386e+00 -2.76902887e-01
 1.86586587e+00 -2.63085798e-01
 1.86786787e+00 -2.46509050e-01
 1.86986987e+00 -2.27617255e-01
 1.87187187e+00 -2.06855024e-01
 1.87387387e+00 -1.84666970e-01
 1.87587588e+00 -1.61497705e-01
 1.87787788e+00 -1.37791841e-01
 1.87987988e+00 -1.13993989e-01
 1.88188188e+00 -9.05487634e-02
 1.88388388e+00 -6.79007745e-02
 1.88588589e+00 -4.64946348e-02
 1.88788789e+00 -2.67749566e-02
 1.88988989e+00 -9.18635171e-03
 1.89189189e+00 5.77334832e-03
 1.89389389e+00 1.73934348e-02
 1.89589590e+00 2.49099798e-02
 1.89789790e+00 2.75590551e-02
 1.89989990e+00 2.51609370e-02
 1.90190190e+00 1.98727182e-02
 1.90390390e+00 1.44356955e-02
 1.90590591e+00 1.10702572e-02
 1.90790791e+00 9.91315702e-03
 1.90990991e+00 1.05802400e-02
 1.91191191e+00 1.26873513e-02
 1.91391391e+00 1.58503361e-02
 1.91591592e+00 1.96850394e-02
 1.91791792e+00 2.34449814e-02
 1.91991992e+00 2.49343832e-02
 1.92192192e+00 2.23470066e-02
 1.92392392e+00 1.68840775e-02
 1.92592593e+00 1.04986877e-02
 1.92792793e+00 4.96135922e-03
 1.92992993e+00 1.31233596e-03
 1.93193193e+00 -3.07529650e-04
 1.93393393e+00 -2.62467192e-03
 1.93593594e+00 -7.83229049e-03
 1.93793794e+00 -1.31233596e-02
 1.93993994e+00 -1.51911638e-02
 1.94194194e+00 -1.37304550e-02
 1.94394394e+00 -9.18635171e-03
 1.94594595e+00 -2.00397250e-03
 1.94794795e+00 7.37156405e-03
 1.94994995e+00 1.84951393e-02
 1.95195195e+00 3.09216348e-02
 1.95395395e+00 4.42059319e-02
 1.95595596e+00 5.79029120e-02
 1.95795796e+00 7.15674566e-02
 1.95995996e+00 8.47544471e-02
 1.96196196e+00 9.70187649e-02
 1.96396396e+00 1.07915291e-01
 1.96596597e+00 1.16998908e-01
 1.96796797e+00 1.23824496e-01
 1.96996997e+00 1.27946937e-01
 1.97197197e+00 1.28921113e-01
 1.97397397e+00 1.26301905e-01
 1.97597598e+00 1.19644193e-01
 1.97797798e+00 1.08502861e-01
 1.97997998e+00 9.24327886e-02
 1.98198198e+00 7.09888577e-02
 1.98398398e+00 4.37259499e-02
 1.98598599e+00 1.01989465e-02
 1.98798799e+00 -3.00372712e-02
 1.98998999e+00 -7.74278215e-02
 1.99199199e+00 -1.32417823e-01
 1.99399399e+00 -1.95452395e-01
 1.99599600e+00 -2.66976655e-01
 1.99799800e+00 -3.47435722e-01
 2.00000000e+00 -4.37274715e-01
