 0.00000000e+00 0.00000000e+00
 2.00400802e-03 3.28083990e-01
 4.00801603e-03 0.00000000e+00
 6.01202405e-03 0.00000000e+00
 8.01603206e-03 0.00000000e+00
 1.00200401e-02 0.00000000e+00
 1.20240481e-02 0.00000000e+00
 1.40280561e-02 0.00000000e+00
 1.60320641e-02 0.00000000e+00
 1.80360721e-02 0.00000000e+00
 2.00400802e-02 0.00000000e+00
 2.20440882e-02 -0.00000000e+00
 2.40480962e-02 -0.00000000e+00
 2.60521042e-02 -0.00000000e+00
 2.80561122e-02 -0.00000000e+00
 3.00601202e-02 -0.00000000e+00
 3.20641283e-02 -0.00000000e+00
 3.40681363e-02 -0.00000000e+00
 3.60721443e-02 -0.00000000e+00
 3.80761523e-02 -1.65354331e-01
 4.00801603e-02 -0.00000000e+00
 4.20841683e-02 -0.00000000e+00
 4.40881764e-02 -1.94225722e-01
 4.60921844e-02 -0.00000000e+00
 4.80961924e-02 -0.00000000e+00
 5.01002004e-02 -1.88976378e-01
 5.21042084e-02 -0.00000000e+00
 5.41082164e-02 -0.00000000e+00
 5.61122244e-02 -1.86351706e-01
 5.81162325e-02 -0.00000000e+00
 6.01202405e-02 -0.00000000e+00
 6.21242485e-02 -1.60104987e-01
 6.41282565e-02 -0.00000000e+00
 6.61322645e-02 -0.00000000e+00
 6.81362725e-02 -0.00000000e+00
 7.01402806e-02 -0.00000000e+00
 7.21442886e-02 -0.00000000e+00
 7.41482966e-02 -0.00000000e+00
 7.61523046e-02 -0.00000000e+00
 7.81563126e-02 -2.04724409e-01
 8.01603206e-02 -0.00000000e+00
 8.21643287e-02 -0.00000000e+00
 8.41683367e-02 -0.00000000e+00
 8.61723447e-02 -0.00000000e+00
 8.81763527e-02 -0.00000000e+00
 9.01803607e-02 -0.00000000e+00
 9.21843687e-02 -0.00000000e+00
 9.41883768e-02 -0.00000000e+00
 9.61923848e-02 -2.92650919e-01
 9.81963928e-02 -0.00000000e+00
 1.00200401e-01 -0.00000000e+00
 1.02204409e-01 -0.00000000e+00
 1.04208417e-01 -0.00000000e+00
 1.06212425e-01 -0.00000000e+00
 1.08216433e-01 -0.00000000e+00
 1.10220441e-01 -0.00000000e+00
 1.12224449e-01 -0.00000000e+00
 1.14228457e-01 -0.00000000e+00
 1.16232465e-01 -0.00000000e+00
 1.18236473e-01 -4.59317585e-02
 1.20240481e-01 -0.00000000e+00
 1.22244489e-01 -0.00000000e+00
 1.24248497e-01 -0.00000000e+00
 1.26252505e-01 0.00000000e+00
 1.28256513e-01 0.00000000e+00
 1.30260521e-01 0.00000000e+00
 1.32264529e-01 1.70603675e-02
 1.34268537e-01 -0.00000000e+00
 1.36272545e-01 -1.31233596e-02
 1.38276553e-01 -0.00000000e+00
 1.40280561e-01 -0.00000000e+00
 1.42284569e-01 -0.00000000e+00
 1.44288577e-01 -0.00000000e+00
 1.46292585e-01 -0.00000000e+00
 1.48296593e-01 -0.00000000e+00
 1.50300601e-01 -0.00000000e+00
 1.52304609e-01 -0.00000000e+00
 1.54308617e-01 -0.00000000e+00
 1.56312625e-01 -0.00000000e+00
 1.58316633e-01 -0.00000000e+00
 1.60320641e-01 -3.11023622e-01
 1.62324649e-01 -0.00000000e+00
 1.64328657e-01 -0.00000000e+00
 1.66332665e-01 -0.00000000e+00
 1.68336673e-01 -0.00000000e+00
 1.70340681e-01 -0.00000000e+00
 1.72344689e-01 -0.00000000e+00
 1.74348697e-01 -0.00000000e+00
 1.76352705e-01 -0.00000000e+00
 1.78356713e-01 -0.00000000e+00
 1.80360721e-01 -0.00000000e+00
 1.82364729e-01 -0.00000000e+00
 1.84368737e-01 0.00000000e+00
 1.86372745e-01 0.00000000e+00
 1.88376754e-01 0.00000000e+00
 1.90380762e-01 0.00000000e+00
 1.92384770e-01 0.00000000e+00
 1.94388778e-01 0.00000000e+00
 1.96392786e-01 0.00000000e+00
 1.98396794e-01 0.00000000e+00
 2.00400802e-01 0.00000000e+00
 2.02404810e-01 3.79265092e-01
 2.04408818e-01 0.00000000e+00
 2.06412826e-01 0.00000000e+00
 2.08416834e-01 3.89763780e-01
 2.10420842e-01 0.00000000e+00
 2.12424850e-01 3.54330709e-01
 2.14428858e-01 0.00000000e+00
 2.16432866e-01 0.00000000e+00
 2.18436874e-01 0.00000000e+00
 2.20440882e-01 0.00000000e+00
 2.22444890e-01 0.00000000e+00
 2.24448898e-01 0.00000000e+00
 2.26452906e-01 0.00000000e+00
 2.28456914e-01 0.00000000e+00
 2.30460922e-01 0.00000000e+00
 2.32464930e-01 0.00000000e+00
 2.34468938e-01 0.00000000e+00
 2.36472946e-01 0.00000000e+00
 2.38476954e-01 0.00000000e+00
 2.40480962e-01 0.00000000e+00
 2.42484970e-01 0.00000000e+00
 2.44488978e-01 0.00000000e+00
 2.46492986e-01 0.00000000e+00
 2.48496994e-01 0.00000000e+00
 2.50501002e-01 1.31233596e-03
 2.52505010e-01 -0.00000000e+00
 2.54509018e-01 -3.01837270e-02
 2.56513026e-01 -0.00000000e+00
 2.58517034e-01 -0.00000000e+00
 2.60521042e-01 -0.00000000e+00
 2.62525050e-01 -0.00000000e+00
 2.64529058e-01 -0.00000000e+00
 2.66533066e-01 -0.00000000e+00
 2.68537074e-01 0.00000000e+00
 2.70541082e-01 0.00000000e+00
 2.72545090e-01 0.00000000e+00
 2.74549098e-01 0.00000000e+00
 2.76553106e-01 0.00000000e+00
 2.78557114e-01 0.00000000e+00
 2.80561122e-01 0.00000000e+00
 2.82565130e-01 0.00000000e+00
 2.84569138e-01 0.00000000e+00
 2.86573146e-01 3.77952756e-01
 2.88577154e-01 0.00000000e+00
 2.90581162e-01 0.00000000e+00
 2.92585170e-01 0.00000000e+00
 2.94589178e-01 0.00000000e+00
 2.96593186e-01 4.92125984e-01
 2.98597194e-01 0.00000000e+00
 3.00601202e-01 5.00000000e-01
 3.02605210e-01 0.00000000e+00
 3.04609218e-01 0.00000000e+00
 3.06613226e-01 0.00000000e+00
 3.08617234e-01 0.00000000e+00
 3.10621242e-01 0.00000000e+00
 3.12625251e-01 0.00000000e+00
 3.14629259e-01 0.00000000e+00
 3.16633267e-01 0.00000000e+00
 3.18637275e-01 0.00000000e+00
 3.20641283e-01 0.00000000e+00
 3.22645291e-01 0.00000000e+00
 3.24649299e-01 0.00000000e+00
 3.26653307e-01 0.00000000e+00
 3.28657315e-01 -0.00000000e+00
 3.30661323e-01 -0.00000000e+00
 3.32665331e-01 -0.00000000e+00
 3.34669339e-01 -0.00000000e+00
 3.36673347e-01 -0.00000000e+00
 3.38677355e-01 -0.00000000e+00
 3.40681363e-01 -0.00000000e+00
 3.42685371e-01 -0.00000000e+00
 3.44689379e-01 -0.00000000e+00
 3.46693387e-01 -0.00000000e+00
 3.48697395e-01 -0.00000000e+00
 3.50701403e-01 -5.35433071e-01
 3.52705411e-01 -0.00000000e+00
 3.54709419e-01 -0.00000000e+00
 3.56713427e-01 -0.00000000e+00
 3.58717435e-01 -0.00000000e+00
 3.60721443e-01 -0.00000000e+00
 3.62725451e-01 -0.00000000e+00
 3.64729459e-01 -0.00000000e+00
 3.66733467e-01 -0.00000000e+00
 3.68737475e-01 -0.00000000e+00
 3.70741483e-01 -0.00000000e+00
 3.72745491e-01 -0.00000000e+00
 3.74749499e-01 -0.00000000e+00
 3.76753507e-01 -0.00000000e+00
 3.78757515e-01 -0.00000000e+00
 3.80761523e-01 -0.00000000e+00
 3.82765531e-01 0.00000000e+00
 3.84769539e-01 0.00000000e+00
 3.86773547e-01 0.00000000e+00
 3.88777555e-01 0.00000000e+00
 3.90781563e-01 0.00000000e+00
 3.92785571e-01 1.14173228e-01
 3.94789579e-01 0.00000000e+00
 3.96793587e-01 0.00000000e+00
 3.98797595e-01 0.00000000e+00
 4.00801603e-01 0.00000000e+00
 4.02805611e-01 0.00000000e+00
 4.04809619e-01 0.00000000e+00
 4.06813627e-01 -0.00000000e+00
 4.08817635e-01 -0.00000000e+00
 4.10821643e-01 -0.00000000e+00
 4.12825651e-01 -0.00000000e+00
 4.14829659e-01 -0.00000000e+00
 4.16833667e-01 -0.00000000e+00
 4.18837675e-01 -0.00000000e+00
 4.20841683e-01 -0.00000000e+00
 4.22845691e-01 -0.00000000e+00
 4.24849699e-01 -0.00000000e+00
 4.26853707e-01 -0.00000000e+00
 4.28857715e-01 -0.00000000e+00
 4.30861723e-01 -0.00000000e+00
 4.32865731e-01 -0.00000000e+00
 4.34869739e-01 -0.00000000e+00
 4.36873747e-01 -0.00000000e+00
 4.38877756e-01 -0.00000000e+00
 4.40881764e-01 -0.00000000e+00
 4.42885772e-01 -0.00000000e+00
 4.44889780e-01 -0.00000000e+00
 4.46893788e-01 -0.00000000e+00
 4.48897796e-01 -0.00000000e+00
 4.50901804e-01 -0.00000000e+00
 4.52905812e-01 -0.00000000e+00
 4.54909820e-01 0.00000000e+00
 4.56913828e-01 0.00000000e+00
 4.58917836e-01 0.00000000e+00
 4.60921844e-01 0.00000000e+00
 4.62925852e-01 0.00000000e+00
 4.64929860e-01 0.00000000e+00
 4.66933868e-01 0.00000000e+00
 4.68937876e-01 0.00000000e+00
 4.70941884e-01 0.00000000e+00
 4.72945892e-01 0.00000000e+00
 4.74949900e-01 3.77952756e-01
 4.76953908e-01 0.00000000e+00
 4.78957916e-01 0.00000000e+00
 4.80961924e-01 0.00000000e+00
 4.82965932e-01 0.00000000e+00
 4.84969940e-01 0.00000000e+00
 4.86973948e-01 0.00000000e+00
 4.88977956e-01 0.00000000e+00
 4.90981964e-01 0.00000000e+00
 4.92985972e-01 0.00000000e+00
 4.94989980e-01 0.00000000e+00
 4.96993988e-01 -0.00000000e+00
 4.98997996e-01 -0.00000000e+00
 5.01002004e-01 -0.00000000e+00
 5.03006012e-01 -0.00000000e+00
 5.05010020e-01 -0.00000000e+00
 5.07014028e-01 -0.00000000e+00
 5.09018036e-01 -8.39895013e-02
 5.11022044e-01 -0.00000000e+00
 5.13026052e-01 -0.00000000e+00
 5.15030060e-01 -0.00000000e+00
 5.17034068e-01 -0.00000000e+00
 5.19038076e-01 -0.00000000e+00
 5.21042084e-01 -1.06299213e-01
 5.23046092e-01 -0.00000000e+00
 5.25050100e-01 -0.00000000e+00
 5.27054108e-01 -0.00000000e+00
 5.29058116e-01 -6.43044619e-02
 5.31062124e-01 -0.00000000e+00
 5.33066132e-01 -0.00000000e+00
 5.35070140e-01 -0.00000000e+00
 5.37074148e-01 -0.00000000e+00
 5.39078156e-01 -0.00000000e+00
 5.41082164e-01 -0.00000000e+00
 5.43086172e-01 0.00000000e+00
 5.45090180e-01 0.00000000e+00
 5.47094188e-01 0.00000000e+00
 5.49098196e-01 0.00000000e+00
 5.51102204e-01 0.00000000e+00
 5.53106212e-01 0.00000000e+00
 5.55110220e-01 0.00000000e+00
 5.57114228e-01 0.00000000e+00
 5.59118236e-01 2.49343832e-01
 5.61122244e-01 0.00000000e+00
 5.63126253e-01 2.61154856e-01
 5.65130261e-01 0.00000000e+00
 5.67134269e-01 2.93963255e-01
 5.69138277e-01 0.00000000e+00
 5.71142285e-01 0.00000000e+00
 5.73146293e-01 0.00000000e+00
 5.75150301e-01 2.90026247e-01
 5.77154309e-01 0.00000000e+00
 5.79158317e-01 0.00000000e+00
 5.81162325e-01 0.00000000e+00
 5.83166333e-01 0.00000000e+00
 5.85170341e-01 0.00000000e+00
 5.87174349e-01 0.00000000e+00
 5.89178357e-01 0.00000000e+00
 5.91182365e-01 0.00000000e+00
 5.93186373e-01 1.32545932e-01
 5.95190381e-01 0.00000000e+00
 5.97194389e-01 0.00000000e+00
 5.99198397e-01 0.00000000e+00
 6.01202405e-01 0.00000000e+00
 6.03206413e-01 -0.00000000e+00
 6.05210421e-01 -0.00000000e+00
 6.07214429e-01 -0.00000000e+00
 6.09218437e-01 -0.00000000e+00
 6.11222445e-01 -0.00000000e+00
 6.13226453e-01 -0.00000000e+00
 6.15230461e-01 -0.00000000e+00
 6.17234469e-01 -0.00000000e+00
 6.19238477e-01 -1.62729659e-01
 6.21242485e-01 -0.00000000e+00
 6.23246493e-01 -0.00000000e+00
 6.25250501e-01 -0.00000000e+00
 6.27254509e-01 -0.00000000e+00
 6.29258517e-01 -0.00000000e+00
 6.31262525e-01 -0.00000000e+00
 6.33266533e-01 -0.00000000e+00
 6.35270541e-01 -0.00000000e+00
 6.37274549e-01 0.00000000e+00
 6.39278557e-01 0.00000000e+00
 6.41282565e-01 0.00000000e+00
 6.43286573e-01 0.00000000e+00
 6.45290581e-01 0.00000000e+00
 6.47294589e-01 0.00000000e+00
 6.49298597e-01 0.00000000e+00
 6.51302605e-01 0.00000000e+00
 6.53306613e-01 0.00000000e+00
 6.55310621e-01 0.00000000e+00
 6.57314629e-01 0.00000000e+00
 6.59318637e-01 2.92650919e-01
 6.61322645e-01 0.00000000e+00
 6.63326653e-01 2.90026247e-01
 6.65330661e-01 0.00000000e+00
 6.67334669e-01 0.00000000e+00
 6.69338677e-01 0.00000000e+00
 6.71342685e-01 0.00000000e+00
 6.73346693e-01 0.00000000e+00
 6.75350701e-01 0.00000000e+00
 6.77354709e-01 0.00000000e+00
 6.79358717e-01 0.00000000e+00
 6.81362725e-01 0.00000000e+00
 6.83366733e-01 -0.00000000e+00
 6.85370741e-01 -0.00000000e+00
 6.87374749e-01 -0.00000000e+00
 6.89378758e-01 -0.00000000e+00
 6.91382766e-01 -0.00000000e+00
 6.93386774e-01 -0.00000000e+00
 6.95390782e-01 -0.00000000e+00
 6.97394790e-01 -0.00000000e+00
 6.99398798e-01 -0.00000000e+00
 7.01402806e-01 -0.00000000e+00
 7.03406814e-01 -0.00000000e+00
 7.05410822e-01 -0.00000000e+00
 7.07414830e-01 -0.00000000e+00
 7.09418838e-01 -0.00000000e+00
 7.11422846e-01 -0.00000000e+00
 7.13426854e-01 -3.17585302e-01
 7.15430862e-01 -0.00000000e+00
 7.17434870e-01 -0.00000000e+00
 7.19438878e-01 -0.00000000e+00
 7.21442886e-01 -2.70341207e-01
 7.23446894e-01 -0.00000000e+00
 7.25450902e-01 -0.00000000e+00
 7.27454910e-01 -0.00000000e+00
 7.29458918e-01 -0.00000000e+00
 7.31462926e-01 -0.00000000e+00
 7.33466934e-01 -1.62729659e-01
 7.35470942e-01 -0.00000000e+00
 7.37474950e-01 -0.00000000e+00
 7.39478958e-01 -1.37795276e-01
 7.41482966e-01 -0.00000000e+00
 7.43486974e-01 -0.00000000e+00
 7.45490982e-01 -0.00000000e+00
 7.47494990e-01 -0.00000000e+00
 7.49498998e-01 -0.00000000e+00
 7.51503006e-01 -0.00000000e+00
 7.53507014e-01 -0.00000000e+00
 7.55511022e-01 -0.00000000e+00
 7.57515030e-01 0.00000000e+00
 7.59519038e-01 0.00000000e+00
 7.61523046e-01 0.00000000e+00
 7.63527054e-01 0.00000000e+00
 7.65531062e-01 0.00000000e+00
 7.67535070e-01 0.00000000e+00
 7.69539078e-01 0.00000000e+00
 7.71543086e-01 0.00000000e+00
 7.73547094e-01 0.00000000e+00
 7.75551102e-01 0.00000000e+00
 7.77555110e-01 0.00000000e+00
 7.79559118e-01 2.28346457e-01
 7.81563126e-01 0.00000000e+00
 7.83567134e-01 0.00000000e+00
 7.85571142e-01 0.00000000e+00
 7.87575150e-01 0.00000000e+00
 7.89579158e-01 0.00000000e+00
 7.91583166e-01 0.00000000e+00
 7.93587174e-01 0.00000000e+00
 7.95591182e-01 0.00000000e+00
 7.97595190e-01 0.00000000e+00
 7.99599198e-01 0.00000000e+00
 8.01603206e-01 -0.00000000e+00
 8.03607214e-01 -0.00000000e+00
 8.05611222e-01 -0.00000000e+00
 8.07615230e-01 -0.00000000e+00
 8.09619238e-01 -0.00000000e+00
 8.11623246e-01 -0.00000000e+00
 8.13627255e-01 -0.00000000e+00
 8.15631263e-01 -0.00000000e+00
 8.17635271e-01 -0.00000000e+00
 8.19639279e-01 -0.00000000e+00
 8.21643287e-01 -0.00000000e+00
 8.23647295e-01 -0.00000000e+00
 8.25651303e-01 -0.00000000e+00
 8.27655311e-01 -0.00000000e+00
 8.29659319e-01 -0.00000000e+00
 8.31663327e-01 -0.00000000e+00
 8.33667335e-01 -3.56955381e-01
 8.35671343e-01 -0.00000000e+00
 8.37675351e-01 -0.00000000e+00
 8.39679359e-01 -0.00000000e+00
 8.41683367e-01 -0.00000000e+00
 8.43687375e-01 -0.00000000e+00
 8.45691383e-01 -0.00000000e+00
 8.47695391e-01 -0.00000000e+00
 8.49699399e-01 -0.00000000e+00
 8.51703407e-01 -0.00000000e+00
 8.53707415e-01 -0.00000000e+00
 8.55711423e-01 -0.00000000e+00
 8.57715431e-01 -0.00000000e+00
 8.59719439e-01 -0.00000000e+00
 8.61723447e-01 0.00000000e+00
 8.63727455e-01 0.00000000e+00
 8.65731463e-01 0.00000000e+00
 8.67735471e-01 0.00000000e+00
 8.69739479e-01 1.52230971e-01
 8.71743487e-01 0.00000000e+00
 8.73747495e-01 0.00000000e+00
 8.75751503e-01 1.79790026e-01
 8.77755511e-01 0.00000000e+00
 8.79759519e-01 0.00000000e+00
 8.81763527e-01 0.00000000e+00
 8.83767535e-01 1.60104987e-01
 8.85771543e-01 0.00000000e+00
 8.87775551e-01 1.64041995e-01
 8.89779559e-01 0.00000000e+00
 8.91783567e-01 0.00000000e+00
 8.93787575e-01 0.00000000e+00
 8.95791583e-01 1.66666667e-01
 8.97795591e-01 0.00000000e+00
 8.99799599e-01 0.00000000e+00
 9.01803607e-01 0.00000000e+00
 9.03807615e-01 0.00000000e+00
 9.05811623e-01 1.06299213e-01
 9.07815631e-01 0.00000000e+00
 9.09819639e-01 0.00000000e+00
 9.11823647e-01 0.00000000e+00
 9.13827655e-01 0.00000000e+00
 9.15831663e-01 9.71128609e-02
 9.17835671e-01 0.00000000e+00
 9.19839679e-01 0.00000000e+00
 9.21843687e-01 0.00000000e+00
 9.23847695e-01 0.00000000e+00
 9.25851703e-01 0.00000000e+00
 9.27855711e-01 0.00000000e+00
 9.29859719e-01 0.00000000e+00
 9.31863727e-01 0.00000000e+00
 9.33867735e-01 0.00000000e+00
 9.35871743e-01 0.00000000e+00
 9.37875752e-01 0.00000000e+00
 9.39879760e-01 0.00000000e+00
 9.41883768e-01 3.37270341e-01
 9.43887776e-01 0.00000000e+00
 9.45891784e-01 0.00000000e+00
 9.47895792e-01 0.00000000e+00
 9.49899800e-01 0.00000000e+00
 9.51903808e-01 0.00000000e+00
 9.53907816e-01 0.00000000e+00
 9.55911824e-01 0.00000000e+00
 9.57915832e-01 0.00000000e+00
 9.59919840e-01 0.00000000e+00
 9.61923848e-01 0.00000000e+00
 9.63927856e-01 1.31233596e-02
 9.65931864e-01 0.00000000e+00
 9.67935872e-01 1.18110236e-02
 9.69939880e-01 0.00000000e+00
 9.71943888e-01 1.04986877e-02
 9.73947896e-01 -0.00000000e+00
 9.75951904e-01 1.31233596e-03
 9.77955912e-01 -0.00000000e+00
 9.79959920e-01 -1.83727034e-02
 9.81963928e-01 -0.00000000e+00
 9.83967936e-01 -0.00000000e+00
 9.85971944e-01 -0.00000000e+00
 9.87975952e-01 0.00000000e+00
 9.89979960e-01 0.00000000e+00
 9.91983968e-01 0.00000000e+00
 9.93987976e-01 0.00000000e+00
 9.95991984e-01 0.00000000e+00
 9.97995992e-01 0.00000000e+00
 1.00000000e+00 0.00000000e+00
 1.00200401e+00 0.00000000e+00
 1.00400802e+00 9.31758530e-02
 1.00601202e+00 0.00000000e+00
 1.00801603e+00 0.00000000e+00
 1.01002004e+00 0.00000000e+00
 1.01202405e+00 8.79265092e-02
 1.01402806e+00 0.00000000e+00
 1.01603206e+00 7.08661417e-02
 1.01803607e+00 0.00000000e+00
 1.02004008e+00 0.00000000e+00
 1.02204409e+00 4.06824147e-02
 1.02404810e+00 0.00000000e+00
 1.02605210e+00 -0.00000000e+00
 1.02805611e+00 -0.00000000e+00
 1.03006012e+00 -0.00000000e+00
 1.03206413e+00 -2.23097113e-02
 1.03406814e+00 -0.00000000e+00
 1.03607214e+00 -0.00000000e+00
 1.03807615e+00 -0.00000000e+00
 1.04008016e+00 0.00000000e+00
 1.04208417e+00 2.62467192e-02
 1.04408818e+00 0.00000000e+00
 1.04609218e+00 4.19947507e-02
 1.04809619e+00 0.00000000e+00
 1.05010020e+00 1.70603675e-02
 1.05210421e+00 0.00000000e+00
 1.05410822e+00 0.00000000e+00
 1.05611222e+00 1.57480315e-02
 1.05811623e+00 0.00000000e+00
 1.06012024e+00 3.14960630e-02
 1.06212425e+00 0.00000000e+00
 1.06412826e+00 4.85564304e-02
 1.06613226e+00 0.00000000e+00
 1.06813627e+00 4.85564304e-02
 1.07014028e+00 0.00000000e+00
 1.07214429e+00 0.00000000e+00
 1.07414830e+00 0.00000000e+00
 1.07615230e+00 0.00000000e+00
 1.07815631e+00 -0.00000000e+00
 1.08016032e+00 -0.00000000e+00
 1.08216433e+00 -0.00000000e+00
 1.08416834e+00 -0.00000000e+00
 1.08617234e+00 -0.00000000e+00
 1.08817635e+00 -0.00000000e+00
 1.09018036e+00 -8.79265092e-02
 1.09218437e+00 -0.00000000e+00
 1.09418838e+00 -0.00000000e+00
 1.09619238e+00 -0.00000000e+00
 1.09819639e+00 -0.00000000e+00
 1.10020040e+00 -7.61154856e-02
 1.10220441e+00 -0.00000000e+00
 1.10420842e+00 -0.00000000e+00
 1.10621242e+00 -9.58005249e-02
 1.10821643e+00 -0.00000000e+00
 1.11022044e+00 -0.00000000e+00
 1.11222445e+00 -0.00000000e+00
 1.11422846e+00 -0.00000000e+00
 1.11623246e+00 -0.00000000e+00
 1.11823647e+00 -0.00000000e+00
 1.12024048e+00 -0.00000000e+00
 1.12224449e+00 -0.00000000e+00
 1.12424850e+00 0.00000000e+00
 1.12625251e+00 0.00000000e+00
 1.12825651e+00 0.00000000e+00
 1.13026052e+00 0.00000000e+00
 1.13226453e+00 0.00000000e+00
 1.13426854e+00 1.28608924e-01
 1.13627255e+00 0.00000000e+00
 1.13827655e+00 0.00000000e+00
 1.14028056e+00 0.00000000e+00
 1.14228457e+00 1.46981627e-01
 1.14428858e+00 0.00000000e+00
 1.14629259e+00 0.00000000e+00
 1.14829659e+00 0.00000000e+00
 1.15030060e+00 0.00000000e+00
 1.15230461e+00 9.97375328e-02
 1.15430862e+00 0.00000000e+00
 1.15631263e+00 0.00000000e+00
 1.15831663e+00 0.00000000e+00
 1.16032064e+00 3.80577428e-02
 1.16232465e+00 0.00000000e+00
 1.16432866e+00 -0.00000000e+00
 1.16633267e+00 -0.00000000e+00
 1.16833667e+00 -0.00000000e+00
 1.17034068e+00 -0.00000000e+00
 1.17234469e+00 -0.00000000e+00
 1.17434870e+00 -0.00000000e+00
 1.17635271e+00 -0.00000000e+00
 1.17835671e+00 -0.00000000e+00
 1.18036072e+00 -0.00000000e+00
 1.18236473e+00 -0.00000000e+00
 1.18436874e+00 -0.00000000e+00
 1.18637275e+00 -0.00000000e+00
 1.18837675e+00 -2.74278215e-01
 1.19038076e+00 -0.00000000e+00
 1.19238477e+00 -0.00000000e+00
 1.19438878e+00 -2.55905512e-01
 1.19639279e+00 -0.00000000e+00
 1.19839679e+00 -0.00000000e+00
 1.20040080e+00 -0.00000000e+00
 1.20240481e+00 -0.00000000e+00
 1.20440882e+00 -0.00000000e+00
 1.20641283e+00 -0.00000000e+00
 1.20841683e+00 -0.00000000e+00
 1.21042084e+00 -0.00000000e+00
 1.21242485e+00 -0.00000000e+00
 1.21442886e+00 -0.00000000e+00
 1.21643287e+00 -0.00000000e+00
 1.21843687e+00 -0.00000000e+00
 1.22044088e+00 -0.00000000e+00
 1.22244489e+00 -0.00000000e+00
 1.22444890e+00 -0.00000000e+00
 1.22645291e+00 -7.48031496e-02
 1.22845691e+00 -0.00000000e+00
 1.23046092e+00 -0.00000000e+00
 1.23246493e+00 -6.69291339e-02
 1.23446894e+00 -0.00000000e+00
 1.23647295e+00 -7.08661417e-02
 1.23847695e+00 -0.00000000e+00
 1.24048096e+00 -0.00000000e+00
 1.24248497e+00 -0.00000000e+00
 1.24448898e+00 -5.11811024e-02
 1.24649299e+00 -0.00000000e+00
 1.24849699e+00 -4.33070866e-02
 1.25050100e+00 -0.00000000e+00
 1.25250501e+00 -2.49343832e-02
 1.25450902e+00 -0.00000000e+00
 1.25651303e+00 -0.00000000e+00
 1.25851703e+00 -0.00000000e+00
 1.26052104e+00 0.00000000e+00
 1.26252505e+00 0.00000000e+00
 1.26452906e+00 0.00000000e+00
 1.26653307e+00 3.28083990e-02
 1.26853707e+00 0.00000000e+00
 1.27054108e+00 2.88713911e-02
 1.27254509e+00 0.00000000e+00
 1.27454910e+00 0.00000000e+00
 1.27655311e+00 -0.00000000e+00
 1.27855711e+00 -0.00000000e+00
 1.28056112e+00 -0.00000000e+00
 1.28256513e+00 -0.00000000e+00
 1.28456914e+00 -4.85564304e-02
 1.28657315e+00 -0.00000000e+00
 1.28857715e+00 -0.00000000e+00
 1.29058116e+00 -4.59317585e-02
 1.29258517e+00 -0.00000000e+00
 1.29458918e+00 -3.67454068e-02
 1.29659319e+00 -0.00000000e+00
 1.29859719e+00 -0.00000000e+00
 1.30060120e+00 -0.00000000e+00
 1.30260521e+00 -0.00000000e+00
 1.30460922e+00 0.00000000e+00
 1.30661323e+00 0.00000000e+00
 1.30861723e+00 0.00000000e+00
 1.31062124e+00 0.00000000e+00
 1.31262525e+00 0.00000000e+00
 1.31462926e+00 0.00000000e+00
 1.31663327e+00 0.00000000e+00
 1.31863727e+00 0.00000000e+00
 1.32064128e+00 0.00000000e+00
 1.32264529e+00 0.00000000e+00
 1.32464930e+00 0.00000000e+00
 1.32665331e+00 0.00000000e+00
 1.32865731e+00 0.00000000e+00
 1.33066132e+00 0.00000000e+00
 1.33266533e+00 3.07086614e-01
 1.33466934e+00 0.00000000e+00
 1.33667335e+00 3.12335958e-01
 1.33867735e+00 0.00000000e+00
 1.34068136e+00 0.00000000e+00
 1.34268537e+00 0.00000000e+00
 1.34468938e+00 0.00000000e+00
 1.34669339e+00 0.00000000e+00
 1.34869739e+00 0.00000000e+00
 1.35070140e+00 0.00000000e+00
 1.35270541e+00 0.00000000e+00
 1.35470942e+00 0.00000000e+00
 1.35671343e+00 0.00000000e+00
 1.35871743e+00 0.00000000e+00
 1.36072144e+00 -0.00000000e+00
 1.36272545e+00 -0.00000000e+00
 1.36472946e+00 -0.00000000e+00
 1.36673347e+00 -0.00000000e+00
 1.36873747e+00 -0.00000000e+00
 1.37074148e+00 -0.00000000e+00
 1.37274549e+00 -0.00000000e+00
 1.37474950e+00 -1.85039370e-01
 1.37675351e+00 -0.00000000e+00
 1.37875752e+00 -0.00000000e+00
 1.38076152e+00 -0.00000000e+00
 1.38276553e+00 -0.00000000e+00
 1.38476954e+00 -0.00000000e+00
 1.38677355e+00 -0.00000000e+00
 1.38877756e+00 -0.00000000e+00
 1.39078156e+00 -0.00000000e+00
 1.39278557e+00 -0.00000000e+00
 1.39478958e+00 -0.00000000e+00
 1.39679359e+00 -0.00000000e+00
 1.39879760e+00 -0.00000000e+00
 1.40080160e+00 -0.00000000e+00
 1.40280561e+00 0.00000000e+00
 1.40480962e+00 0.00000000e+00
 1.40681363e+00 0.00000000e+00
 1.40881764e+00 0.00000000e+00
 1.41082164e+00 0.00000000e+00
 1.41282565e+00 0.00000000e+00
 1.41482966e+00 0.00000000e+00
 1.41683367e+00 2.25721785e-01
 1.41883768e+00 0.00000000e+00
 1.42084168e+00 0.00000000e+00
 1.42284569e+00 2.13910761e-01
 1.42484970e+00 0.00000000e+00
 1.42685371e+00 0.00000000e+00
 1.42885772e+00 2.08661417e-01
 1.43086172e+00 0.00000000e+00
 1.43286573e+00 2.06036745e-01
 1.43486974e+00 0.00000000e+00
 1.43687375e+00 0.00000000e+00
 1.43887776e+00 0.00000000e+00
 1.44088176e+00 0.00000000e+00
 1.44288577e+00 0.00000000e+00
 1.44488978e+00 0.00000000e+00
 1.44689379e+00 0.00000000e+00
 1.44889780e+00 0.00000000e+00
 1.45090180e+00 3.54330709e-02
 1.45290581e+00 0.00000000e+00
 1.45490982e+00 -0.00000000e+00
 1.45691383e+00 -0.00000000e+00
 1.45891784e+00 -0.00000000e+00
 1.46092184e+00 3.93700787e-03
 1.46292585e+00 -0.00000000e+00
 1.46492986e+00 1.44356955e-02
 1.46693387e+00 -0.00000000e+00
 1.46893788e+00 0.00000000e+00
 1.47094188e+00 9.18635171e-03
 1.47294589e+00 -0.00000000e+00
 1.47494990e+00 -0.00000000e+00
 1.47695391e+00 -0.00000000e+00
 1.47895792e+00 -0.00000000e+00
 1.48096192e+00 -0.00000000e+00
 1.48296593e+00 -0.00000000e+00
 1.48496994e+00 -0.00000000e+00
 1.48697395e+00 -6.43044619e-02
 1.48897796e+00 -0.00000000e+00
 1.49098196e+00 -0.00000000e+00
 1.49298597e+00 -0.00000000e+00
 1.49498998e+00 -0.00000000e+00
 1.49699399e+00 -4.06824147e-02
 1.49899800e+00 -0.00000000e+00
 1.50100200e+00 -2.75590551e-02
 1.50300601e+00 -0.00000000e+00
 1.50501002e+00 -0.00000000e+00
 1.50701403e+00 -1.57480315e-02
 1.50901804e+00 -0.00000000e+00
 1.51102204e+00 -0.00000000e+00
 1.51302605e+00 -0.00000000e+00
 1.51503006e+00 0.00000000e+00
 1.51703407e+00 1.57480315e-02
 1.51903808e+00 0.00000000e+00
 1.52104208e+00 0.00000000e+00
 1.52304609e+00 -0.00000000e+00
 1.52505010e+00 5.24934383e-03
 1.52705411e+00 0.00000000e+00
 1.52905812e+00 0.00000000e+00
 1.53106212e+00 -0.00000000e+00
 1.53306613e+00 -0.00000000e+00
 1.53507014e+00 -0.00000000e+00
 1.53707415e+00 2.62467192e-03
 1.53907816e+00 -0.00000000e+00
 1.54108216e+00 -0.00000000e+00
 1.54308617e+00 -0.00000000e+00
 1.54509018e+00 -0.00000000e+00
 1.54709419e+00 -0.00000000e+00
 1.54909820e+00 -1.83727034e-02
 1.55110220e+00 -0.00000000e+00
 1.55310621e+00 -0.00000000e+00
 1.55511022e+00 -1.57480315e-02
 1.55711423e+00 -0.00000000e+00
 1.55911824e+00 -0.00000000e+00
 1.56112224e+00 -1.57480315e-02
 1.56312625e+00 -0.00000000e+00
 1.56513026e+00 -2.88713911e-02
 1.56713427e+00 -0.00000000e+00
 1.56913828e+00 -0.00000000e+00
 1.57114228e+00 -0.00000000e+00
 1.57314629e+00 -6.16797900e-02
 1.57515030e+00 -0.00000000e+00
 1.57715431e+00 -0.00000000e+00
 1.57915832e+00 -8.13648294e-02
 1.58116232e+00 -0.00000000e+00
 1.58316633e+00 -0.00000000e+00
 1.58517034e+00 -8.92388451e-02
 1.58717435e+00 -0.00000000e+00
 1.58917836e+00 -0.00000000e+00
 1.59118236e+00 -0.00000000e+00
 1.59318637e+00 -8.66141732e-02
 1.59519038e+00 -0.00000000e+00
 1.59719439e+00 -0.00000000e+00
 1.59919840e+00 -8.00524934e-02
 1.60120240e+00 -0.00000000e+00
 1.60320641e+00 -5.38057743e-02
 1.60521042e+00 -0.00000000e+00
 1.60721443e+00 -0.00000000e+00
 1.60921844e+00 -3.54330709e-02
 1.61122244e+00 -0.00000000e+00
 1.61322645e+00 -3.28083990e-02
 1.61523046e+00 -0.00000000e+00
 1.61723447e+00 -2.09973753e-02
 1.61923848e+00 -0.00000000e+00
 1.62124248e+00 2.62467192e-03
 1.62324649e+00 0.00000000e+00
 1.62525050e+00 1.18110236e-02
 1.62725451e+00 0.00000000e+00
 1.62925852e+00 1.18110236e-02
 1.63126253e+00 0.00000000e+00
 1.63326653e+00 0.00000000e+00
 1.63527054e+00 4.19947507e-02
 1.63727455e+00 0.00000000e+00
 1.63927856e+00 4.59317585e-02
 1.64128257e+00 0.00000000e+00
 1.64328657e+00 3.93700787e-02
 1.64529058e+00 0.00000000e+00
 1.64729459e+00 0.00000000e+00
 1.64929860e+00 2.62467192e-02
 1.65130261e+00 0.00000000e+00
 1.65330661e+00 0.00000000e+00
 1.65531062e+00 0.00000000e+00
 1.65731463e+00 -0.00000000e+00
 1.65931864e+00 0.00000000e+00
 1.66132265e+00 0.00000000e+00
 1.66332665e+00 0.00000000e+00
 1.66533066e+00 4.46194226e-02
 1.66733467e+00 0.00000000e+00
 1.66933868e+00 3.67454068e-02
 1.67134269e+00 0.00000000e+00
 1.67334669e+00 1.57480315e-02
 1.67535070e+00 -0.00000000e+00
 1.67735471e+00 -0.00000000e+00
 1.67935872e+00 -0.00000000e+00
 1.68136273e+00 -0.00000000e+00
 1.68336673e+00 -0.00000000e+00
 1.68537074e+00 -0.00000000e+00
 1.68737475e+00 -0.00000000e+00
 1.68937876e+00 -0.00000000e+00
 1.69138277e+00 -0.00000000e+00
 1.69338677e+00 -0.00000000e+00
 1.69539078e+00 -0.00000000e+00
 1.69739479e+00 -0.00000000e+00
 1.69939880e+00 -1.31233596e-01
 1.70140281e+00 -0.00000000e+00
 1.70340681e+00 -0.00000000e+00
 1.70541082e+00 -0.00000000e+00
 1.70741483e+00 -0.00000000e+00
 1.70941884e+00 -0.00000000e+00
 1.71142285e+00 -0.00000000e+00
 1.71342685e+00 -0.00000000e+00
 1.71543086e+00 -0.00000000e+00
 1.71743487e+00 -0.00000000e+00
 1.71943888e+00 -1.70603675e-02
 1.72144289e+00 -0.00000000e+00
 1.72344689e+00 -6.56167979e-03
 1.72545090e+00 -0.00000000e+00
 1.72745491e+00 -6.56167979e-03
 1.72945892e+00 -0.00000000e+00
 1.73146293e+00 2.09973753e-02
 1.73346693e+00 0.00000000e+00
 1.73547094e+00 0.00000000e+00
 1.73747495e+00 5.38057743e-02
 1.73947896e+00 0.00000000e+00
 1.74148297e+00 0.00000000e+00
 1.74348697e+00 6.82414698e-02
 1.74549098e+00 0.00000000e+00
 1.74749499e+00 0.00000000e+00
 1.74949900e+00 0.00000000e+00
 1.75150301e+00 0.00000000e+00
 1.75350701e+00 0.00000000e+00
 1.75551102e+00 0.00000000e+00
 1.75751503e+00 -0.00000000e+00
 1.75951904e+00 -0.00000000e+00
 1.76152305e+00 -2.62467192e-03
 1.76352705e+00 -0.00000000e+00
 1.76553106e+00 3.93700787e-03
 1.76753507e+00 -0.00000000e+00
 1.76953908e+00 -0.00000000e+00
 1.77154309e+00 -1.04986877e-02
 1.77354709e+00 -0.00000000e+00
 1.77555110e+00 0.00000000e+00
 1.77755511e+00 3.01837270e-02
 1.77955912e+00 0.00000000e+00
 1.78156313e+00 0.00000000e+00
 1.78356713e+00 6.95538058e-02
 1.78557114e+00 0.00000000e+00
 1.78757515e+00 0.00000000e+00
 1.78957916e+00 0.00000000e+00
 1.79158317e+00 0.00000000e+00
 1.79358717e+00 0.00000000e+00
 1.79559118e+00 0.00000000e+00
 1.79759519e+00 0.00000000e+00
 1.79959920e+00 0.00000000e+00
 1.80160321e+00 0.00000000e+00
 1.80360721e+00 0.00000000e+00
 1.80561122e+00 0.00000000e+00
 1.80761523e+00 3.30708661e-01
 1.80961924e+00 0.00000000e+00
 1.81162325e+00 0.00000000e+00
 1.81362725e+00 0.00000000e+00
 1.81563126e+00 0.00000000e+00
 1.81763527e+00 0.00000000e+00
 1.81963928e+00 0.00000000e+00
 1.82164329e+00 0.00000000e+00
 1.82364729e+00 0.00000000e+00
 1.82565130e+00 0.00000000e+00
 1.82765531e+00 0.00000000e+00
 1.82965932e+00 0.00000000e+00
 1.83166333e+00 0.00000000e+00
 1.83366733e+00 0.00000000e+00
 1.83567134e+00 -0.00000000e+00
 1.83767535e+00 -0.00000000e+00
 1.83967936e+00 -0.00000000e+00
 1.84168337e+00 -0.00000000e+00
 1.84368737e+00 -0.00000000e+00
 1.84569138e+00 -0.00000000e+00
 1.84769539e+00 -0.00000000e+00
 1.84969940e+00 -0.00000000e+00
 1.85170341e+00 -0.00000000e+00
 1.85370741e+00 -0.00000000e+00
 1.85571142e+00 -0.00000000e+00
 1.85771543e+00 -0.00000000e+00
 1.85971944e+00 -0.00000000e+00
 1.86172345e+00 -0.00000000e+00
 1.86372745e+00 -2.66404199e-01
 1.86573146e+00 -0.00000000e+00
 1.86773547e+00 -0.00000000e+00
 1.86973948e+00 -0.00000000e+00
 1.87174349e+00 -0.00000000e+00
 1.87374749e+00 -0.00000000e+00
 1.87575150e+00 -0.00000000e+00
 1.87775551e+00 -0.00000000e+00
 1.87975952e+00 -0.00000000e+00
 1.88176353e+00 -0.00000000e+00
 1.88376754e+00 -0.00000000e+00
 1.88577154e+00 -0.00000000e+00
 1.88777555e+00 -0.00000000e+00
 1.88977956e+00 -5.24934383e-03
 1.89178357e+00 -0.00000000e+00
 1.89378758e+00 0.00000000e+00
 1.89579158e+00 0.00000000e+00
 1.89779559e+00 4.06824147e-02
 1.89979960e+00 0.00000000e+00
 1.90180361e+00 3.01837270e-02
 1.90380762e+00 0.00000000e+00
 1.90581162e+00 0.00000000e+00
 1.90781563e+00 0.00000000e+00
 1.90981964e+00 5.11811024e-02
 1.91182365e+00 0.00000000e+00
 1.91382766e+00 0.00000000e+00
 1.91583166e+00 0.00000000e+00
 1.91783567e+00 0.00000000e+00
 1.91983968e+00 4.06824147e-02
 1.92184369e+00 0.00000000e+00
 1.92384770e+00 3.41207349e-02
 1.92585170e+00 0.00000000e+00
 1.92785571e+00 0.00000000e+00
 1.92985972e+00 1.57480315e-02
 1.93186373e+00 0.00000000e+00
 1.93386774e+00 7.87401575e-03
 1.93587174e+00 -0.00000000e+00
 1.93787575e+00 1.04986877e-02
 1.93987976e+00 -0.00000000e+00
 1.94188377e+00 -0.00000000e+00
 1.94388778e+00 0.00000000e+00
 1.94589178e+00 -0.00000000e+00
 1.94789579e+00 0.00000000e+00
 1.94989980e+00 0.00000000e+00
 1.95190381e+00 0.00000000e+00
 1.95390782e+00 0.00000000e+00
 1.95591182e+00 0.00000000e+00
 1.95791583e+00 0.00000000e+00
 1.95991984e+00 0.00000000e+00
 1.96192385e+00 6.82414698e-02
 1.96392786e+00 0.00000000e+00
 1.96593186e+00 0.00000000e+00
 1.96793587e+00 0.00000000e+00
 1.96993988e+00 0.00000000e+00
 1.97194389e+00 0.00000000e+00
 1.97394790e+00 0.00000000e+00
 1.97595190e+00 0.00000000e+00
 1.97795591e+00 0.00000000e+00
 1.97995992e+00 0.00000000e+00
 1.98196393e+00 -0.00000000e+00
 1.98396794e+00 -0.00000000e+00
 1.98597194e+00 -0.00000000e+00
 1.98797595e+00 -0.00000000e+00
 1.98997996e+00 -0.00000000e+00
 1.99198397e+00 -0.00000000e+00
 1.99398798e+00 -0.00000000e+00
 1.99599198e+00 -0.00000000e+00
 1.99799599e+00 -6.56167979e-02
 2.00000000e+00 -0.00000000e+00
