 1.20120120e-02 8.66585267e-01
 1.40140140e-02 7.04436660e-01
 1.60160160e-02 5.59339683e-01
 1.80180180e-02 4.30371483e-01
 2.00200200e-02 3.16609202e-01
 2.20220220e-02 2.17129987e-01
 2.40240240e-02 1.31010983e-01
 2.60260260e-02 5.73293332e-02
 2.80280280e-02 -4.83781622e-03
 3.00300300e-02 -5.64133207e-02
 3.20320320e-02 -9.83200355e-02
 3.40340340e-02 -1.31480816e-01
 3.60360360e-02 -1.56818516e-01
 3.80380380e-02 -1.75255992e-01
 4.00400400e-02 -1.87716099e-01
 4.20420420e-02 -1.95121692e-01
 4.40440440e-02 -1.98395626e-01
 4.60460460e-02 -1.98743228e-01
 4.80480480e-02 -1.98175224e-01
 5.00500501e-02 -1.97686865e-01
 5.20520521e-02 -1.97454015e-01
 5.40540541e-02 -1.95961335e-01
 5.60560561e-02 -1.92352189e-01
 5.80580581e-02 -1.86588956e-01
 6.00600601e-02 -1.80578333e-01
 6.20620621e-02 -1.76045112e-01
 6.40640641e-02 -1.74226877e-01
 6.60660661e-02 -1.75124878e-01
 6.80680681e-02 -1.78431284e-01
 7.00700701e-02 -1.83838266e-01
 7.20720721e-02 -1.91037991e-01
 7.40740741e-02 -1.99734317e-01
 7.60760761e-02 -2.09677850e-01
 7.80780781e-02 -2.20630882e-01
 8.00800801e-02 -2.32319435e-01
 8.20820821e-02 -2.44324451e-01
 8.40840841e-02 -2.56190599e-01
 8.60860861e-02 -2.67462550e-01
 8.80880881e-02 -2.77684973e-01
 9.00900901e-02 -2.86402538e-01
 9.20920921e-02 -2.93159915e-01
 9.40940941e-02 -2.97501775e-01
 9.60960961e-02 -2.98670022e-01
 9.80980981e-02 -2.94828049e-01
 1.00100100e-01 -2.84776177e-01
 1.02102102e-01 -2.69085280e-01
 1.04104104e-01 -2.48735738e-01
 1.06106106e-01 -2.24707927e-01
 1.08108108e-01 -1.97982225e-01
 1.10110110e-01 -1.69539010e-01
 1.12112112e-01 -1.40358660e-01
 1.14114114e-01 -1.11421552e-01
 1.16116116e-01 -8.37080643e-02
 1.18118118e-01 -5.81985746e-02
 1.20120120e-01 -3.58499932e-02
 1.22122122e-01 -1.74313476e-02
 1.24124124e-01 -3.31214037e-03
 1.26126126e-01 6.23214029e-03
 1.28128128e-01 1.09260061e-02
 1.30130130e-01 1.04939686e-02
 1.32132132e-01 4.66053979e-03
 1.34134134e-01 -6.75826819e-03
 1.36136136e-01 -2.35119227e-02
 1.38138138e-01 -4.49397855e-02
 1.40140140e-01 -7.01345655e-02
 1.42142142e-01 -9.81444380e-02
 1.44144144e-01 -1.28017579e-01
 1.46146146e-01 -1.58802163e-01
 1.48148148e-01 -1.89546365e-01
 1.50150150e-01 -2.19298362e-01
 1.52152152e-01 -2.47106328e-01
 1.54154154e-01 -2.72018439e-01
 1.56156156e-01 -2.93082871e-01
 1.58158158e-01 -3.09347798e-01
 1.60160160e-01 -3.19785370e-01
 1.62162162e-01 -3.23216456e-01
 1.64164164e-01 -3.18997193e-01
 1.66166166e-01 -3.06854952e-01
 1.68168168e-01 -2.87390744e-01
 1.70170170e-01 -2.61423990e-01
 1.72172172e-01 -2.29774109e-01
 1.74174174e-01 -1.93260523e-01
 1.76176176e-01 -1.52702651e-01
 1.78178178e-01 -1.08919914e-01
 1.80180180e-01 -6.27317329e-02
 1.82182182e-01 -1.49575278e-02
 1.84184184e-01 3.35832809e-02
 1.86186186e-01 8.20712726e-02
 1.88188188e-01 1.29687027e-01
 1.90190190e-01 1.75611123e-01
 1.92192192e-01 2.19024141e-01
 1.94194194e-01 2.59106660e-01
 1.96196196e-01 2.95039260e-01
 1.98198198e-01 3.26002521e-01
 2.00200200e-01 3.51177021e-01
 2.02202202e-01 3.69743340e-01
 2.04204204e-01 3.80824142e-01
 2.06206206e-01 3.83310421e-01
 2.08208208e-01 3.76465025e-01
 2.10210210e-01 3.61858776e-01
 2.12212212e-01 3.43511662e-01
 2.14214214e-01 3.24212762e-01
 2.16216216e-01 3.04515708e-01
 2.18218218e-01 2.84499338e-01
 2.20220220e-01 2.64242488e-01
 2.22222222e-01 2.43823994e-01
 2.24224224e-01 2.23322691e-01
 2.26226226e-01 2.02817417e-01
 2.28228228e-01 1.82387008e-01
 2.30230230e-01 1.62110299e-01
 2.32232232e-01 1.42066127e-01
 2.34234234e-01 1.22333329e-01
 2.36236236e-01 1.02990740e-01
 2.38238238e-01 8.41171971e-02
 2.40240240e-01 6.57915361e-02
 2.42242242e-01 4.80925934e-02
 2.44244244e-01 3.10992051e-02
 2.46246246e-01 1.48902076e-02
 2.48248248e-01 -4.55562925e-04
 2.50250250e-01 -1.48592702e-02
 2.52252252e-01 -2.78924794e-02
 2.54254254e-01 -3.76716305e-02
 2.56256256e-01 -4.21399380e-02
 2.58258258e-01 -4.07970578e-02
 2.60260260e-01 -3.36517633e-02
 2.62262262e-01 -2.11361255e-02
 2.64264264e-01 -3.78803994e-03
 2.66266266e-01 1.78545980e-02
 2.68268268e-01 4.32538927e-02
 2.70270270e-01 7.18719489e-02
 2.72272272e-01 1.03170871e-01
 2.74274274e-01 1.36612763e-01
 2.76276276e-01 1.71659731e-01
 2.78278278e-01 2.07773878e-01
 2.80280280e-01 2.44417308e-01
 2.82282282e-01 2.81052128e-01
 2.84284284e-01 3.17140440e-01
 2.86286286e-01 3.52144350e-01
 2.88288288e-01 3.85529920e-01
 2.90290290e-01 4.16649553e-01
 2.92292292e-01 4.44341650e-01
 2.94294294e-01 4.67315126e-01
 2.96296296e-01 4.84278892e-01
 2.98298298e-01 4.93898224e-01
 3.00300300e-01 4.94893920e-01
 3.02302302e-01 4.87011969e-01
 3.04304304e-01 4.70822545e-01
 3.06306306e-01 4.47044346e-01
 3.08308308e-01 4.16396073e-01
 3.10310310e-01 3.79596427e-01
 3.12312312e-01 3.37364108e-01
 3.14314314e-01 2.90417816e-01
 3.16316316e-01 2.39476252e-01
 3.18318318e-01 1.85258115e-01
 3.20320320e-01 1.28482105e-01
 3.22322322e-01 6.98669237e-02
 3.24324324e-01 1.01312704e-02
 3.26326326e-01 -5.00061546e-02
 3.28328328e-01 -1.09826651e-01
 3.30330330e-01 -1.68611518e-01
 3.32332332e-01 -2.25642057e-01
 3.34334334e-01 -2.80199566e-01
 3.36336336e-01 -3.31565345e-01
 3.38338338e-01 -3.79020695e-01
 3.40340340e-01 -4.21846915e-01
 3.42342342e-01 -4.59325305e-01
 3.44344344e-01 -4.90737164e-01
 3.46346346e-01 -5.15363792e-01
 3.48348348e-01 -5.32486490e-01
 3.50350350e-01 -5.41865701e-01
 3.52352352e-01 -5.45267622e-01
 3.54354354e-01 -5.44881861e-01
 3.56356356e-01 -5.41337466e-01
 3.58358358e-01 -5.34851053e-01
 3.60360360e-01 -5.25639233e-01
 3.62362362e-01 -5.13918624e-01
 3.64364364e-01 -4.99905837e-01
 3.66366366e-01 -4.83817488e-01
 3.68368368e-01 -4.65870191e-01
 3.70370370e-01 -4.46280561e-01
 3.72372372e-01 -4.25265210e-01
 3.74374374e-01 -4.03040755e-01
 3.76376376e-01 -3.79823808e-01
 3.78378378e-01 -3.55830985e-01
 3.80380380e-01 -3.31278898e-01
 3.82382382e-01 -3.06384164e-01
 3.84384384e-01 -2.81363396e-01
 3.86386386e-01 -2.56433208e-01
 3.88388388e-01 -2.31810214e-01
 3.90390390e-01 -2.07711029e-01
 3.92392392e-01 -1.84352268e-01
 3.94394394e-01 -1.61912720e-01
 3.96396396e-01 -1.40419884e-01
 3.98398398e-01 -1.19863435e-01
 4.00400400e-01 -1.00233047e-01
 4.02402402e-01 -8.15183951e-02
 4.04404404e-01 -6.37091540e-02
 4.06406406e-01 -4.67949983e-02
 4.08408408e-01 -3.07656026e-02
 4.10410410e-01 -1.56106418e-02
 4.12412412e-01 -1.31979038e-03
 4.14414414e-01 1.21172769e-02
 4.16416416e-01 2.47108853e-02
 4.18418418e-01 3.64713602e-02
 4.20420420e-01 4.74090269e-02
 4.22422422e-01 5.75342107e-02
 4.24424424e-01 6.68572369e-02
 4.26426426e-01 7.53884309e-02
 4.28428428e-01 8.31381178e-02
 4.30430430e-01 9.01166232e-02
 4.32432432e-01 9.63342722e-02
 4.34434434e-01 1.01801390e-01
 4.36436436e-01 1.06526313e-01
 4.38438438e-01 1.10509418e-01
 4.40440440e-01 1.13749092e-01
 4.42442442e-01 1.16243724e-01
 4.44444444e-01 1.17991701e-01
 4.46446446e-01 1.18991412e-01
 4.48448448e-01 1.19241243e-01
 4.50450450e-01 1.18739582e-01
 4.52452452e-01 1.17484818e-01
 4.54454454e-01 1.15475337e-01
 4.56456456e-01 1.12709529e-01
 4.58458458e-01 1.09185779e-01
 4.60460460e-01 1.04902477e-01
 4.62462462e-01 9.98580100e-02
 4.64464464e-01 9.40507654e-02
 4.66466466e-01 8.74791312e-02
 4.68468468e-01 8.01414952e-02
 4.70470470e-01 7.20362450e-02
 4.72472472e-01 6.31617684e-02
 4.74474474e-01 5.35164531e-02
 4.76476476e-01 4.31215238e-02
 4.78478478e-01 3.20895527e-02
 4.80480480e-01 2.05559490e-02
 4.82482482e-01 8.65612165e-03
 4.84484484e-01 -3.47452013e-03
 4.86486486e-01 -1.57005672e-02
 4.88488488e-01 -2.78866105e-02
 4.90490490e-01 -3.98972409e-02
 4.92492492e-01 -5.15970493e-02
 4.94494494e-01 -6.28506266e-02
 4.96496496e-01 -7.35225635e-02
 4.98498498e-01 -8.34774511e-02
 5.00500501e-01 -9.25798802e-02
 5.02502503e-01 -1.00694442e-01
 5.04504505e-01 -1.07685726e-01
 5.06506507e-01 -1.13418325e-01
 5.08508509e-01 -1.17756829e-01
 5.10510511e-01 -1.20598548e-01
 5.12512513e-01 -1.21971667e-01
 5.14514515e-01 -1.21937092e-01
 5.16516517e-01 -1.20555726e-01
 5.18518519e-01 -1.17888475e-01
 5.20520521e-01 -1.13901670e-01
 5.22522523e-01 -1.08161424e-01
 5.24524525e-01 -1.00051557e-01
 5.26526527e-01 -8.90093073e-02
 5.28528529e-01 -7.47733116e-02
 5.30530531e-01 -5.72148992e-02
 5.32532533e-01 -3.65102916e-02
 5.34534535e-01 -1.31951025e-02
 5.36536537e-01 1.21195427e-02
 5.38538539e-01 3.88225187e-02
 5.40540541e-01 6.63027000e-02
 5.42542543e-01 9.39489613e-02
 5.44544545e-01 1.21150177e-01
 5.46546547e-01 1.47295222e-01
 5.48548549e-01 1.71772971e-01
 5.50550551e-01 1.93972299e-01
 5.52552553e-01 2.13282079e-01
 5.54554555e-01 2.29091187e-01
 5.56556557e-01 2.40788498e-01
 5.58558559e-01 2.47762885e-01
 5.60560561e-01 2.50129525e-01
 5.62562563e-01 2.52038948e-01
 5.64564565e-01 2.61300793e-01
 5.66566567e-01 2.78257945e-01
 5.68568569e-01 2.93769693e-01
 5.70570571e-01 3.02034562e-01
 5.72572573e-01 3.03285179e-01
 5.74574575e-01 2.98990930e-01
 5.76576577e-01 2.90432272e-01
 5.78578579e-01 2.78133940e-01
 5.80580581e-01 2.62431738e-01
 5.82582583e-01 2.43661471e-01
 5.84584585e-01 2.22158944e-01
 5.86586587e-01 1.98259962e-01
 5.88588589e-01 1.72300328e-01
 5.90590591e-01 1.44615849e-01
 5.92592593e-01 1.15514606e-01
 5.94594595e-01 8.52574440e-02
 5.96596597e-01 5.43320628e-02
 5.98598599e-01 2.32898073e-02
 6.00600601e-01 -7.31797764e-03
 6.02602603e-01 -3.69399473e-02
 6.04604605e-01 -6.50247568e-02
 6.06606607e-01 -9.10210613e-02
 6.08608609e-01 -1.14377516e-01
 6.10610611e-01 -1.34542776e-01
 6.12612613e-01 -1.50965497e-01
 6.14614615e-01 -1.63094333e-01
 6.16616617e-01 -1.70377940e-01
 6.18618619e-01 -1.72275422e-01
 6.20620621e-01 -1.68394942e-01
 6.22622623e-01 -1.58861073e-01
 6.24624625e-01 -1.44213256e-01
 6.26626627e-01 -1.25067831e-01
 6.28628629e-01 -1.02041139e-01
 6.30630631e-01 -7.57495210e-02
 6.32632633e-01 -4.68093170e-02
 6.34634635e-01 -1.58368681e-02
 6.36636637e-01 1.65514851e-02
 6.38638639e-01 4.97394019e-02
 6.40640641e-01 8.31105415e-02
 6.42642643e-01 1.16048563e-01
 6.44644645e-01 1.47937127e-01
 6.46646647e-01 1.78159891e-01
 6.48648649e-01 2.06100515e-01
 6.50650651e-01 2.31142658e-01
 6.52652653e-01 2.52669980e-01
 6.54654655e-01 2.70066141e-01
 6.56656657e-01 2.82714798e-01
 6.58658659e-01 2.89999612e-01
 6.60660661e-01 2.91396115e-01
 6.62662663e-01 2.86845567e-01
 6.64664665e-01 2.76769488e-01
 6.66666667e-01 2.61669379e-01
 6.68668669e-01 2.42042179e-01
 6.70670671e-01 2.18384826e-01
 6.72672673e-01 1.91194260e-01
 6.74674675e-01 1.60967417e-01
 6.76676677e-01 1.28201238e-01
 6.78678679e-01 9.33926613e-02
 6.80680681e-01 5.70386245e-02
 6.82682683e-01 1.96360666e-02
 6.84684685e-01 -1.83180737e-02
 6.86686687e-01 -5.63268579e-02
 6.88688689e-01 -9.38933474e-02
 6.90690691e-01 -1.30520604e-01
 6.92692693e-01 -1.65711688e-01
 6.94694695e-01 -1.98969662e-01
 6.96696697e-01 -2.29797586e-01
 6.98698699e-01 -2.57698523e-01
 7.00700701e-01 -2.82175534e-01
 7.02702703e-01 -3.02731680e-01
 7.04704705e-01 -3.18870022e-01
 7.06706707e-01 -3.30093623e-01
 7.08708709e-01 -3.35905543e-01
 7.10710711e-01 -3.36032406e-01
 7.12712713e-01 -3.31095085e-01
 7.14714715e-01 -3.22051012e-01
 7.16716717e-01 -3.10110446e-01
 7.18718719e-01 -2.95800058e-01
 7.20720721e-01 -2.79447374e-01
 7.22722723e-01 -2.61393878e-01
 7.24724725e-01 -2.42134167e-01
 7.26726727e-01 -2.22565876e-01
 7.28728729e-01 -2.03683908e-01
 7.30730731e-01 -1.86483169e-01
 7.32732733e-01 -1.71958560e-01
 7.34734735e-01 -1.60783313e-01
 7.36736737e-01 -1.52185010e-01
 7.38738739e-01 -1.44433772e-01
 7.40740741e-01 -1.35907955e-01
 7.42742743e-01 -1.26137527e-01
 7.44744745e-01 -1.15251097e-01
 7.46746747e-01 -1.03460141e-01
 7.48748749e-01 -9.09761326e-02
 7.50750751e-01 -7.80105459e-02
 7.52752753e-01 -6.47748554e-02
 7.54754755e-01 -5.14805355e-02
 7.56756757e-01 -3.83390605e-02
 7.58758759e-01 -2.55619048e-02
 7.60760761e-01 -1.33605426e-02
 7.62762763e-01 -1.94644835e-03
 7.64764765e-01 8.46890365e-03
 7.66766767e-01 1.76740391e-02
 7.68768769e-01 2.54574835e-02
 7.70770771e-01 3.16077627e-02
 7.72772773e-01 3.59134023e-02
 7.74774775e-01 3.81629280e-02
 7.76776777e-01 3.81448653e-02
 7.78778779e-01 3.56477401e-02
 7.80780781e-01 3.05300686e-02
 7.82782783e-01 2.29303299e-02
 7.84784785e-01 1.30569939e-02
 7.86786787e-01 1.11853048e-03
 7.88788789e-01 -1.26765906e-02
 7.90790791e-01 -2.81198996e-02
 7.92792793e-01 -4.50029266e-02
 7.94794795e-01 -6.31172017e-02
 7.96796797e-01 -8.22542553e-02
 7.98798799e-01 -1.02205617e-01
 8.00800801e-01 -1.22762818e-01
 8.02802803e-01 -1.43717388e-01
 8.04804805e-01 -1.64860857e-01
 8.06806807e-01 -1.85984755e-01
 8.08808809e-01 -2.06880612e-01
 8.10810811e-01 -2.27339959e-01
 8.12812813e-01 -2.47154326e-01
 8.14814815e-01 -2.66115243e-01
 8.16816817e-01 -2.84014240e-01
 8.18818819e-01 -3.00642847e-01
 8.20820821e-01 -3.15792595e-01
 8.22822823e-01 -3.29255013e-01
 8.24824825e-01 -3.40821632e-01
 8.26826827e-01 -3.50283982e-01
 8.28828829e-01 -3.57433594e-01
 8.30830831e-01 -3.62061996e-01
 8.32832833e-01 -3.63609586e-01
 8.34834835e-01 -3.60194233e-01
 8.36836837e-01 -3.50336681e-01
 8.38838839e-01 -3.34343455e-01
 8.40840841e-01 -3.12947019e-01
 8.42842843e-01 -2.86879840e-01
 8.44844845e-01 -2.56874383e-01
 8.46846847e-01 -2.23663115e-01
 8.48848849e-01 -1.87978502e-01
 8.50850851e-01 -1.50553010e-01
 8.52852853e-01 -1.12119103e-01
 8.54854855e-01 -7.34092495e-02
 8.56856857e-01 -3.51559139e-02
 8.58858859e-01 1.90843759e-03
 8.60860861e-01 3.70513389e-02
 8.62862863e-01 6.95403243e-02
 8.64864865e-01 9.86429277e-02
 8.66866867e-01 1.23626683e-01
 8.68868869e-01 1.43759125e-01
 8.70870871e-01 1.58303309e-01
 8.72872873e-01 1.66743161e-01
 8.74874875e-01 1.69513245e-01
 8.76876877e-01 1.67596229e-01
 8.78878879e-01 1.63212064e-01
 8.80880881e-01 1.58890023e-01
 8.82882883e-01 1.56870606e-01
 8.84884885e-01 1.57750340e-01
 8.86886887e-01 1.59935421e-01
 8.88888889e-01 1.61686574e-01
 8.90890891e-01 1.61828533e-01
 8.92892893e-01 1.59313538e-01
 8.94894895e-01 1.53278642e-01
 8.96896897e-01 1.43832160e-01
 8.98898899e-01 1.32195321e-01
 9.00900901e-01 1.19821377e-01
 9.02902903e-01 1.08163582e-01
 9.04904905e-01 9.85134022e-02
 9.06906907e-01 9.14576266e-02
 9.08908909e-01 8.71910832e-02
 9.10910911e-01 8.58510569e-02
 9.12912913e-01 8.75748326e-02
 9.14914915e-01 9.24996954e-02
 9.16916917e-01 1.00583501e-01
 9.18918919e-01 1.11115408e-01
 9.20920921e-01 1.23401236e-01
 9.22922923e-01 1.36795825e-01
 9.24924925e-01 1.50654016e-01
 9.26926927e-01 1.64330648e-01
 9.28928929e-01 1.77180563e-01
 9.30930931e-01 1.88558600e-01
 9.32932933e-01 1.97819601e-01
 9.34934935e-01 2.04318405e-01
 9.36936937e-01 2.07409853e-01
 9.38938939e-01 2.06448786e-01
 9.40940941e-01 2.00790043e-01
 9.42942943e-01 1.90062681e-01
 9.44944945e-01 1.74992611e-01
 9.46946947e-01 1.56579961e-01
 9.48948949e-01 1.35824858e-01
 9.50950951e-01 1.13727430e-01
 9.52952953e-01 9.12878037e-02
 9.54954955e-01 6.95061064e-02
 9.56956957e-01 4.93824656e-02
 9.58958959e-01 3.19170085e-02
 9.60960961e-01 1.81098623e-02
 9.62962963e-01 9.09519121e-03
 9.64964965e-01 5.80384356e-03
 9.66966967e-01 6.08774241e-03
 9.68968969e-01 6.67920796e-03
 9.70970971e-01 6.33402286e-03
 9.72972973e-01 3.07643745e-03
 9.74974975e-01 -5.17711470e-03
 9.76976977e-01 -1.55400759e-02
 9.78978979e-01 -2.23709709e-02
 9.80980981e-01 -2.39038177e-02
 9.82982983e-01 -2.13321273e-02
 9.84984985e-01 -1.54981684e-02
 9.86986987e-01 -7.01959353e-03
 9.88988989e-01 3.48594467e-03
 9.90990991e-01 1.54007936e-02
 9.92992993e-01 2.81073008e-02
 9.94994995e-01 4.09878136e-02
 9.96996997e-01 5.34246795e-02
 9.98998999e-01 6.48002458e-02
 1.00100100e+00 7.44968600e-02
 1.00300300e+00 8.18968695e-02
 1.00500501e+00 8.64877906e-02
 1.00700701e+00 8.81563939e-02
 1.00900901e+00 8.68089365e-02
 1.01101101e+00 8.23302550e-02
 1.01301301e+00 7.46952200e-02
 1.01501502e+00 6.44366841e-02
 1.01701702e+00 5.27299734e-02
 1.01901902e+00 3.99925010e-02
 1.02102102e+00 2.62929159e-02
 1.02302302e+00 1.15645437e-02
 1.02502503e+00 -3.15320983e-03
 1.02702703e+00 -1.65169628e-02
 1.02902903e+00 -2.71833333e-02
 1.03103103e+00 -3.34956008e-02
 1.03303303e+00 -3.28817506e-02
 1.03503504e+00 -2.45488345e-02
 1.03703704e+00 -1.10026295e-02
 1.03903904e+00 4.51092090e-03
 1.04104104e+00 1.87458735e-02
 1.04304304e+00 2.79190141e-02
 1.04504505e+00 2.73855923e-02
 1.04704705e+00 1.89576193e-02
 1.04904905e+00 1.17774743e-02
 1.05105105e+00 1.01038167e-02
 1.05305305e+00 1.12731122e-02
 1.05505506e+00 1.23780540e-02
 1.05705706e+00 1.53600652e-02
 1.05905906e+00 2.30787918e-02
 1.06106106e+00 3.36500867e-02
 1.06306306e+00 4.30265951e-02
 1.06506507e+00 4.78742334e-02
 1.06706707e+00 4.67451567e-02
 1.06906907e+00 4.01151650e-02
 1.07107107e+00 2.90023240e-02
 1.07307307e+00 1.44632360e-02
 1.07507508e+00 -2.44549630e-03
 1.07707708e+00 -2.06672706e-02
 1.07907908e+00 -3.91454844e-02
 1.08108108e+00 -5.68235352e-02
 1.08308308e+00 -7.26448206e-02
 1.08508509e+00 -8.55527381e-02
 1.08708709e+00 -9.44906853e-02
 1.08908909e+00 -9.86356227e-02
 1.09109109e+00 -9.83666960e-02
 1.09309309e+00 -9.53683456e-02
 1.09509510e+00 -9.15339724e-02
 1.09709710e+00 -8.85210891e-02
 1.09909910e+00 -8.79282364e-02
 1.10110110e+00 -9.08207599e-02
 1.10310310e+00 -9.61312266e-02
 1.10510511e+00 -1.01753988e-01
 1.10710711e+00 -1.03964110e-01
 1.10910911e+00 -1.00637355e-01
 1.11111111e+00 -9.20604819e-02
 1.11311311e+00 -7.90228007e-02
 1.11511512e+00 -6.23136204e-02
 1.11711712e+00 -4.27222503e-02
 1.11911912e+00 -2.10379997e-02
 1.12112112e+00 1.94982204e-03
 1.12312312e+00 2.54519057e-02
 1.12512513e+00 4.86789419e-02
 1.12712713e+00 7.08416213e-02
 1.12912913e+00 9.11506347e-02
 1.13113113e+00 1.08816673e-01
 1.13313313e+00 1.23050426e-01
 1.13513514e+00 1.33123745e-01
 1.13713714e+00 1.38690323e-01
 1.13913914e+00 1.40013846e-01
 1.14114114e+00 1.37495209e-01
 1.14314314e+00 1.31594501e-01
 1.14514515e+00 1.23008588e-01
 1.14714715e+00 1.12493529e-01
 1.14914915e+00 1.00805385e-01
 1.15115115e+00 8.85792465e-02
 1.15315315e+00 7.58324531e-02
 1.15515516e+00 6.19258740e-02
 1.15715716e+00 4.60865029e-02
 1.15915916e+00 2.76299816e-02
 1.16116116e+00 6.35943525e-03
 1.16316316e+00 -1.73017932e-02
 1.16516517e+00 -4.27974684e-02
 1.16716717e+00 -6.95713551e-02
 1.16916917e+00 -9.70672179e-02
 1.17117117e+00 -1.24728821e-01
 1.17317317e+00 -1.51999930e-01
 1.17517518e+00 -1.78324310e-01
 1.17717718e+00 -2.03145723e-01
 1.17917918e+00 -2.25907937e-01
 1.18118118e+00 -2.46054714e-01
 1.18318318e+00 -2.63029820e-01
 1.18518519e+00 -2.76277020e-01
 1.18718719e+00 -2.84917317e-01
 1.18918919e+00 -2.86992845e-01
 1.19119119e+00 -2.81745352e-01
 1.19319319e+00 -2.71323596e-01
 1.19519520e+00 -2.58410609e-01
 1.19719720e+00 -2.44819798e-01
 1.19919920e+00 -2.30977582e-01
 1.20120120e+00 -2.16998491e-01
 1.20320320e+00 -2.02997057e-01
 1.20520521e+00 -1.89087812e-01
 1.20720721e+00 -1.75385286e-01
 1.20920921e+00 -1.62004011e-01
 1.21121121e+00 -1.49058518e-01
 1.21321321e+00 -1.36663338e-01
 1.21521522e+00 -1.24933002e-01
 1.21721722e+00 -1.13982043e-01
 1.21921922e+00 -1.03924990e-01
 1.22122122e+00 -9.48763757e-02
 1.22322322e+00 -8.69507309e-02
 1.22522523e+00 -8.02625869e-02
 1.22722723e+00 -7.49631707e-02
 1.22922923e+00 -7.13733127e-02
 1.23123123e+00 -6.99418165e-02
 1.23323323e+00 -7.07466696e-02
 1.23523524e+00 -7.21486702e-02
 1.23723724e+00 -7.20525359e-02
 1.23923924e+00 -7.02529208e-02
 1.24124124e+00 -6.70809912e-02
 1.24324324e+00 -6.29813773e-02
 1.24524525e+00 -5.79511390e-02
 1.24724725e+00 -5.04783781e-02
 1.24924925e+00 -4.06423129e-02
 1.25125125e+00 -3.03853988e-02
 1.25325325e+00 -2.00693068e-02
 1.25525526e+00 -9.28661835e-03
 1.25725726e+00 1.47515459e-03
 1.25925926e+00 1.14707929e-02
 1.26126126e+00 1.99550772e-02
 1.26326326e+00 2.61827885e-02
 1.26526527e+00 2.94087075e-02
 1.26726727e+00 2.88561167e-02
 1.26926927e+00 2.38228984e-02
 1.27127127e+00 1.45682134e-02
 1.27327327e+00 2.31344451e-03
 1.27527528e+00 -1.15296179e-02
 1.27727728e+00 -2.55491835e-02
 1.27927928e+00 -3.83334619e-02
 1.28128128e+00 -4.84706628e-02
 1.28328328e+00 -5.46872888e-02
 1.28528529e+00 -5.65286512e-02
 1.28728729e+00 -5.47409000e-02
 1.28928929e+00 -5.05863938e-02
 1.29129129e+00 -4.60355291e-02
 1.29329329e+00 -4.15406509e-02
 1.29529530e+00 -3.50713379e-02
 1.29729730e+00 -2.50815190e-02
 1.29929930e+00 -1.16599704e-02
 1.30130130e+00 4.74030300e-03
 1.30330330e+00 2.36662964e-02
 1.30530531e+00 4.46650050e-02
 1.30730731e+00 6.72834238e-02
 1.30930931e+00 9.10685481e-02
 1.31131131e+00 1.15567373e-01
 1.31331331e+00 1.40326894e-01
 1.31531532e+00 1.64894105e-01
 1.31731732e+00 1.88816002e-01
 1.31931932e+00 2.11639581e-01
 1.32132132e+00 2.32911836e-01
 1.32332332e+00 2.52179762e-01
 1.32532533e+00 2.68990355e-01
 1.32732733e+00 2.82890610e-01
 1.32932933e+00 2.93427522e-01
 1.33133133e+00 3.00148086e-01
 1.33333333e+00 3.02483911e-01
 1.33533534e+00 2.99493505e-01
 1.33733734e+00 2.90679370e-01
 1.33933934e+00 2.76454996e-01
 1.34134134e+00 2.57439511e-01
 1.34334334e+00 2.34252040e-01
 1.34534535e+00 2.07511711e-01
 1.34734735e+00 1.77837650e-01
 1.34934935e+00 1.45848984e-01
 1.35135135e+00 1.12164839e-01
 1.35335335e+00 7.74043420e-02
 1.35535536e+00 4.21866201e-02
 1.35735736e+00 7.13079962e-03
 1.35935936e+00 -2.71439927e-02
 1.36136136e+00 -6.00186301e-02
 1.36336336e+00 -9.08739860e-02
 1.36536537e+00 -1.19090934e-01
 1.36736737e+00 -1.44050347e-01
 1.36936937e+00 -1.65133098e-01
 1.37137137e+00 -1.81720061e-01
 1.37337337e+00 -1.93221632e-01
 1.37537538e+00 -1.99276261e-01
 1.37737738e+00 -1.99991791e-01
 1.37937938e+00 -1.95586028e-01
 1.38138138e+00 -1.86330378e-01
 1.38338338e+00 -1.72710640e-01
 1.38538539e+00 -1.55266213e-01
 1.38738739e+00 -1.34536494e-01
 1.38938939e+00 -1.11060882e-01
 1.39139139e+00 -8.53787741e-02
 1.39339339e+00 -5.80295689e-02
 1.39539540e+00 -2.95526642e-02
 1.39739740e+00 -4.87458083e-04
 1.39939940e+00 2.86266515e-02
 1.40140140e+00 5.72502665e-02
 1.40340340e+00 8.48439889e-02
 1.40540541e+00 1.10868421e-01
 1.40740741e+00 1.34784164e-01
 1.40940941e+00 1.56051821e-01
 1.41141141e+00 1.74131993e-01
 1.41341341e+00 1.88485282e-01
 1.41541542e+00 1.98572291e-01
 1.41741742e+00 2.04136532e-01
 1.41941942e+00 2.06053162e-01
 1.42142142e+00 2.05770376e-01
 1.42342342e+00 2.05622094e-01
 1.42542543e+00 2.06647412e-01
 1.42742743e+00 2.07667333e-01
 1.42942943e+00 2.06749647e-01
 1.43143143e+00 2.01228864e-01
 1.43343343e+00 1.89925375e-01
 1.43543544e+00 1.73628613e-01
 1.43743744e+00 1.53536201e-01
 1.43943944e+00 1.30845762e-01
 1.44144144e+00 1.06754920e-01
 1.44344344e+00 8.24612990e-02
 1.44544545e+00 5.91625215e-02
 1.44744745e+00 3.80562114e-02
 1.44944945e+00 2.02721131e-02
 1.45145145e+00 6.56941420e-03
 1.45345345e+00 -2.75673282e-03
 1.45545546e+00 -7.51021469e-03
 1.45745746e+00 -7.49491816e-03
 1.45945946e+00 -3.01468356e-03
 1.46146146e+00 3.28590682e-03
 1.46346346e+00 7.41727539e-03
 1.46546547e+00 7.49592009e-03
 1.46746747e+00 3.68056665e-03
 1.46946947e+00 -3.36078283e-03
 1.47147147e+00 -1.28819185e-02
 1.47347347e+00 -2.39607446e-02
 1.47547548e+00 -3.56311944e-02
 1.47747748e+00 -4.69272006e-02
 1.47947948e+00 -5.68826964e-02
 1.48148148e+00 -6.45316146e-02
 1.48348348e+00 -6.89078884e-02
 1.48548549e+00 -6.93961458e-02
 1.48748749e+00 -6.69354491e-02
 1.48948949e+00 -6.31117604e-02
 1.49149149e+00 -5.84210672e-02
 1.49349349e+00 -5.30489501e-02
 1.49549550e+00 -4.71809894e-02
 1.49749750e+00 -4.10049197e-02
 1.49949950e+00 -3.48636904e-02
 1.50150150e+00 -2.94742151e-02
 1.50350350e+00 -2.47372364e-02
 1.50550551e+00 -1.99212109e-02
 1.50750751e+00 -1.44386310e-02
 1.50950951e+00 -8.69583245e-03
 1.51151151e+00 -3.34761202e-03
 1.51351351e+00 9.51233664e-04
 1.51551552e+00 3.54590792e-03
 1.51751752e+00 4.02278346e-03
 1.51951952e+00 2.93291041e-03
 1.52152152e+00 1.06850831e-03
 1.52352352e+00 -7.85212159e-04
 1.52552553e+00 -2.05243716e-03
 1.52752753e+00 -2.88980771e-03
 1.52952953e+00 -3.63532636e-03
 1.53153153e+00 -4.62699565e-03
 1.53353353e+00 -6.16374460e-03
 1.53553554e+00 -8.38820819e-03
 1.53753754e+00 -1.12978888e-02
 1.53953954e+00 -1.44660525e-02
 1.54154154e+00 -1.73599063e-02
 1.54354354e+00 -1.95222365e-02
 1.54554555e+00 -2.07981476e-02
 1.54754755e+00 -2.11083232e-02
 1.54954955e+00 -2.04830692e-02
 1.55155155e+00 -1.93911790e-02
 1.55355355e+00 -1.84110681e-02
 1.55555556e+00 -1.81729434e-02
 1.55755756e+00 -1.94441503e-02
 1.55955956e+00 -2.27637155e-02
 1.56156156e+00 -2.83449635e-02
 1.56356356e+00 -3.53931298e-02
 1.56556557e+00 -4.30466052e-02
 1.56756757e+00 -5.09799652e-02
 1.56956957e+00 -5.89981792e-02
 1.57157157e+00 -6.68948694e-02
 1.57357357e+00 -7.44080846e-02
 1.57557558e+00 -8.12237923e-02
 1.57757758e+00 -8.70712450e-02
 1.57957958e+00 -9.19192998e-02
 1.58158158e+00 -9.58932004e-02
 1.58358358e+00 -9.89892412e-02
 1.58558559e+00 -1.00649672e-01
 1.58758759e+00 -1.00420747e-01
 1.58958959e+00 -9.79133933e-02
 1.59159159e+00 -9.34061714e-02
 1.59359359e+00 -8.95191135e-02
 1.59559560e+00 -8.73224167e-02
 1.59759760e+00 -8.39524544e-02
 1.59959960e+00 -7.64658115e-02
 1.60160160e+00 -6.58890520e-02
 1.60360360e+00 -5.61567863e-02
 1.60560561e+00 -4.92845181e-02
 1.60760761e+00 -4.58762544e-02
 1.60960961e+00 -4.34041506e-02
 1.61161161e+00 -3.89879973e-02
 1.61361361e+00 -3.27981441e-02
 1.61561562e+00 -2.55339612e-02
 1.61761762e+00 -1.63481549e-02
 1.61961962e+00 -6.45822410e-03
 1.62162162e+00 1.35969346e-03
 1.62362362e+00 5.97867927e-03
 1.62562563e+00 7.27932623e-03
 1.62762763e+00 7.93944942e-03
 1.62962963e+00 1.33018010e-02
 1.63163163e+00 2.42661394e-02
 1.63363363e+00 3.59135265e-02
 1.63563564e+00 4.27975918e-02
 1.63763764e+00 4.31283740e-02
 1.63963964e+00 3.94188610e-02
 1.64164164e+00 3.39996561e-02
 1.64364364e+00 2.76669065e-02
 1.64564565e+00 2.12528994e-02
 1.64764765e+00 1.58624066e-02
 1.64964965e+00 1.24737696e-02
 1.65165165e+00 1.13736290e-02
 1.65365365e+00 1.26757005e-02
 1.65565566e+00 1.64936994e-02
 1.65765766e+00 2.26233184e-02
 1.65965966e+00 2.95881574e-02
 1.66166166e+00 3.55937932e-02
 1.66366366e+00 3.88458028e-02
 1.66566567e+00 3.75590858e-02
 1.66766767e+00 3.05520905e-02
 1.66966967e+00 1.90585311e-02
 1.67167167e+00 5.15358711e-03
 1.67367367e+00 -1.01559733e-02
 1.67567568e+00 -2.63740060e-02
 1.67767768e+00 -4.30599117e-02
 1.67967968e+00 -5.97730911e-02
 1.68168168e+00 -7.60729448e-02
 1.68368368e+00 -9.15188736e-02
 1.68568569e+00 -1.05670278e-01
 1.68768769e+00 -1.18086559e-01
 1.68968969e+00 -1.28327117e-01
 1.69169169e+00 -1.35951353e-01
 1.69369369e+00 -1.40518668e-01
 1.69569570e+00 -1.41689170e-01
 1.69769770e+00 -1.39525803e-01
 1.69969970e+00 -1.34284083e-01
 1.70170170e+00 -1.26541303e-01
 1.70370370e+00 -1.16783897e-01
 1.70570571e+00 -1.05452615e-01
 1.70770771e+00 -9.29882106e-02
 1.70970971e+00 -7.98314350e-02
 1.71171171e+00 -6.64230402e-02
 1.71371371e+00 -5.32037781e-02
 1.71571572e+00 -4.06144007e-02
 1.71771772e+00 -2.90956599e-02
 1.71971972e+00 -1.91929845e-02
 1.72172172e+00 -1.22169140e-02
 1.72372372e+00 -9.99525682e-03
 1.72572573e+00 -9.46722232e-03
 1.72772773e+00 -2.75184127e-03
 1.72972973e+00 1.15359345e-02
 1.73173173e+00 2.71005698e-02
 1.73373373e+00 3.98701775e-02
 1.73573574e+00 4.95327034e-02
 1.73773774e+00 5.62892055e-02
 1.73973974e+00 5.95350505e-02
 1.74174174e+00 5.88212108e-02
 1.74374374e+00 5.40313350e-02
 1.74574575e+00 4.59989446e-02
 1.74774775e+00 3.57950291e-02
 1.74974975e+00 2.44905782e-02
 1.75175175e+00 1.31565816e-02
 1.75375375e+00 2.86402894e-03
 1.75575576e+00 -5.31609015e-03
 1.75775776e+00 -1.03127860e-02
 1.75975976e+00 -1.12792731e-02
 1.76176176e+00 -9.04234489e-03
 1.76376376e+00 -7.58732361e-03
 1.76576577e+00 -9.68406198e-03
 1.76776777e+00 -1.27243794e-02
 1.76976977e+00 -1.27750197e-02
 1.77177177e+00 -6.92111622e-03
 1.77377377e+00 3.36976872e-03
 1.77577578e+00 1.57061380e-02
 1.77777778e+00 2.84771711e-02
 1.77977978e+00 4.26750650e-02
 1.78178178e+00 5.87043797e-02
 1.78378378e+00 7.63165082e-02
 1.78578579e+00 9.42245347e-02
 1.78778779e+00 1.11832241e-01
 1.78978979e+00 1.28796815e-01
 1.79179179e+00 1.44775447e-01
 1.79379379e+00 1.59425323e-01
 1.79579580e+00 1.72403633e-01
 1.79779780e+00 1.83367566e-01
 1.79979980e+00 1.91974309e-01
 1.80180180e+00 1.97881051e-01
 1.80380380e+00 2.00744980e-01
 1.80580581e+00 2.00223286e-01
 1.80780781e+00 1.96078106e-01
 1.80980981e+00 1.88491374e-01
 1.81181181e+00 1.77749975e-01
 1.81381381e+00 1.64140792e-01
 1.81581582e+00 1.47950710e-01
 1.81781782e+00 1.29466612e-01
 1.81981982e+00 1.08975382e-01
 1.82182182e+00 8.67639053e-02
 1.82382382e+00 6.31190647e-02
 1.82582583e+00 3.83277444e-02
 1.82782783e+00 1.26768284e-02
 1.82982983e+00 -1.35467993e-02
 1.83183183e+00 -4.00562547e-02
 1.83383383e+00 -6.65646539e-02
 1.83583584e+00 -9.27851129e-02
 1.83783784e+00 -1.18430748e-01
 1.83983984e+00 -1.43214674e-01
 1.84184184e+00 -1.66850009e-01
 1.84384384e+00 -1.89049867e-01
 1.84584585e+00 -2.09527366e-01
 1.84784785e+00 -2.27995620e-01
 1.84984985e+00 -2.44167746e-01
 1.85185185e+00 -2.57756860e-01
 1.85385385e+00 -2.68476079e-01
 1.85585586e+00 -2.76038517e-01
 1.85785786e+00 -2.80160688e-01
 1.85985986e+00 -2.80572695e-01
 1.86186186e+00 -2.77008037e-01
 1.86386386e+00 -2.69284594e-01
 1.86586587e+00 -2.57605865e-01
 1.86786787e+00 -2.42452068e-01
 1.86986987e+00 -2.24351506e-01
 1.87187187e+00 -2.03832483e-01
 1.87387387e+00 -1.81423303e-01
 1.87587588e+00 -1.57652269e-01
 1.87787788e+00 -1.33047686e-01
 1.87987988e+00 -1.08137856e-01
 1.88188188e+00 -8.34510842e-02
 1.88388388e+00 -5.95156734e-02
 1.88588589e+00 -3.68599275e-02
 1.88788789e+00 -1.60121502e-02
 1.88988989e+00 2.41781517e-03
 1.89189189e+00 1.74673567e-02
 1.89389389e+00 2.79858840e-02
 1.89589590e+00 3.27961972e-02
 1.89789790e+00 3.15707024e-02
 1.89989990e+00 2.76723320e-02
 1.90190190e+00 2.54936064e-02
 1.90390390e+00 2.57654426e-02
 1.90590591e+00 2.79698773e-02
 1.90790791e+00 3.05471297e-02
 1.90990991e+00 3.20523841e-02
 1.91191191e+00 3.25425028e-02
 1.91391391e+00 3.24497674e-02
 1.91591592e+00 3.22064594e-02
 1.91791792e+00 3.20636981e-02
 1.91991992e+00 3.12796288e-02
 1.92192192e+00 2.82338708e-02
 1.92392392e+00 2.28105443e-02
 1.92592593e+00 1.63460746e-02
 1.92792793e+00 1.03546954e-02
 1.92992993e+00 5.96617007e-03
 1.93193193e+00 3.78324305e-03
 1.93393393e+00 2.75984900e-03
 1.93593594e+00 1.33319859e-03
 1.93793794e+00 3.45733545e-04
 1.93993994e+00 1.29355507e-03
 1.94194194e+00 4.27298448e-03
 1.94394394e+00 9.00515967e-03
 1.94594595e+00 1.52112186e-02
 1.94794795e+00 2.26122990e-02
 1.94994995e+00 3.09295390e-02
 1.95195195e+00 3.98840764e-02
 1.95395395e+00 4.91970492e-02
 1.95595596e+00 5.85895952e-02
 1.95795796e+00 6.77828523e-02
 1.95995996e+00 7.64979585e-02
 1.96196196e+00 8.44560516e-02
 1.96396396e+00 9.13782696e-02
 1.96596597e+00 9.69857504e-02
 1.96796797e+00 1.00999632e-01
 1.96996997e+00 1.03141052e-01
 1.97197197e+00 1.03131149e-01
 1.97397397e+00 1.00691059e-01
 1.97597598e+00 9.55419228e-02
 1.97797798e+00 8.74048764e-02
 1.97997998e+00 7.60010580e-02
 1.98198198e+00 6.10516058e-02
 1.98398398e+00 4.22776575e-02
 1.98598599e+00 1.94003510e-02
 1.98798799e+00 -7.85917564e-03
 1.98998999e+00 -3.97797846e-02
 1.99199199e+00 -7.66403380e-02
 1.99399399e+00 -1.18719698e-01
 1.99599600e+00 -1.66296726e-01
 1.99799800e+00 -2.19650286e-01
 2.00000000e+00 -2.79059237e-01
