 0.00000000e+00 7.10542736e-17
 1.57165506e-02 7.60850697e-02
 3.14331013e-02 5.00686450e-02
 4.71496519e-02 4.60243251e-02
 6.28662025e-02 8.41470594e-02
 7.85827532e-02 7.13126947e-03
 9.42993038e-02 8.80722167e-02
 1.10015854e-01 6.87999769e-02
 1.25732405e-01 5.29275787e-02
 1.41448956e-01 1.17370445e-01
 1.57165506e-01 2.04072934e-02
 1.72882057e-01 1.27574898e-01
 1.88598608e-01 1.17873950e-01
 2.04315158e-01 7.56460222e-02
 2.20031709e-01 2.11977525e-01
 2.35748259e-01 5.90327085e-02
 2.51464810e-01 2.62771553e-01
 2.67181361e-01 3.15888630e-01
 2.82897911e-01 1.96519595e-01
 2.98614462e-01 1.03280987e+00
 3.14331013e-01 1.55999300e+00
 3.30047563e-01 1.34642108e+00
 3.45764114e-01 5.83368688e-01
 3.61480664e-01 1.15419392e-01
 3.77197215e-01 3.10330014e-01
 3.92913766e-01 9.04903450e-02
 4.08630316e-01 1.40135818e-01
 4.24346867e-01 1.31233144e-01
 4.40063418e-01 2.32675665e-02
 4.55779968e-01 1.02715610e-01
 4.71496519e-01 4.04761692e-02
 4.87213070e-01 5.64301342e-02
 5.02929620e-01 7.34525750e-02
 5.18646171e-01 9.98704041e-03
 5.34362721e-01 1.08956562e-01
 5.50079272e-01 7.57135678e-02
 5.65795823e-01 1.24815468e-01
 5.81512373e-01 2.59142078e-01
 5.97228924e-01 1.32897372e-02
 6.12945475e-01 7.28131347e-01
 6.28662025e-01 1.42995294e+00
 6.44378576e-01 1.52915582e+00
 6.60095126e-01 8.94107753e-01
 6.75811677e-01 2.76841930e-02
 6.91528228e-01 4.09159964e-01
 7.07244778e-01 2.32208737e-01
 7.22961329e-01 1.55070410e-01
 7.38677880e-01 2.62113989e-01
 7.54394430e-01 3.01196812e-02
 7.70110981e-01 1.96837688e-01
 7.85827532e-01 1.43077309e-01
 8.01544082e-01 8.29582637e-02
 8.17260633e-01 1.75680881e-01
 8.32977183e-01 3.39330894e-02
 8.48693734e-01 1.36821298e-01
 8.64410285e-01 1.15333888e-01
 8.80126835e-01 5.34807528e-02
 8.95843386e-01 1.39461513e-01
 9.11559937e-01 3.75428271e-02
 9.27276487e-01 1.06387261e-01
 9.42993038e-01 1.01890619e-01
 9.58709588e-01 3.59419120e-02
 9.74426139e-01 1.18798168e-01
 9.90142690e-01 4.09214637e-02
 1.00585924e+00 8.70195827e-02
 1.02157579e+00 9.40736595e-02
 1.03729234e+00 2.35441493e-02
 1.05300889e+00 1.05070697e-01
 1.06872544e+00 4.41329912e-02
 1.08444199e+00 7.30650013e-02
 1.10015854e+00 8.90745681e-02
 1.11587509e+00 1.38535453e-02
 1.13159165e+00 9.50701483e-02
 1.14730820e+00 4.72431025e-02
 1.16302475e+00 6.21741761e-02
 1.17874130e+00 8.57082639e-02
 1.19445785e+00 5.75202813e-03
 1.21017440e+00 8.73126184e-02
 1.22589095e+00 5.03108729e-02
 1.24160750e+00 5.31750216e-02
 1.25732405e+00 8.33909481e-02
 1.27304060e+00 1.36437773e-03
 1.28875715e+00 8.10100062e-02
 1.30447370e+00 5.33909928e-02
 1.32019025e+00 4.54042075e-02
 1.33590680e+00 8.18061853e-02
 1.35162335e+00 7.86485198e-03
 1.36733990e+00 7.57008770e-02
 1.38305646e+00 5.65374982e-02
 1.39877301e+00 3.84474772e-02
 1.41448956e+00 8.07733562e-02
 1.43020611e+00 1.40011106e-02
 1.44592266e+00 7.10943281e-02
 1.46163921e+00 5.98078169e-02
 1.47735576e+00 3.20224793e-02
 1.49307231e+00 8.01891755e-02
 1.50878886e+00 1.99646184e-02
 1.52450541e+00 6.69956230e-02
 1.54022196e+00 6.32673926e-02
 1.55593851e+00 2.59190253e-02
 1.57165506e+00 8.00000000e-02
 1.58737161e+00 2.59190253e-02
 1.60308816e+00 6.32673926e-02
 1.61880471e+00 6.69956230e-02
 1.63452127e+00 1.99646184e-02
 1.65023782e+00 8.01891755e-02
 1.66595437e+00 3.20224793e-02
 1.68167092e+00 5.98078169e-02
 1.69738747e+00 7.10943281e-02
 1.71310402e+00 1.40011106e-02
 1.72882057e+00 8.07733562e-02
 1.74453712e+00 3.84474772e-02
 1.76025367e+00 5.65374982e-02
 1.77597022e+00 7.57008770e-02
 1.79168677e+00 7.86485198e-03
 1.80740332e+00 8.18061853e-02
 1.82311987e+00 4.54042075e-02
 1.83883642e+00 5.33909928e-02
 1.85455297e+00 8.10100062e-02
 1.87026953e+00 1.36437773e-03
 1.88598608e+00 8.33909481e-02
 1.90170263e+00 5.31750216e-02
 1.91741918e+00 5.03108729e-02
 1.93313573e+00 8.73126184e-02
 1.94885228e+00 5.75202813e-03
 1.96456883e+00 8.57082639e-02
 1.98028538e+00 6.21741761e-02
 1.99600193e+00 4.72431025e-02
 2.01171848e+00 9.50701483e-02
 2.02743503e+00 1.38535453e-02
 2.04315158e+00 8.90745681e-02
 2.05886813e+00 7.30650013e-02
 2.07458468e+00 4.41329912e-02
 2.09030123e+00 1.05070697e-01
 2.10601778e+00 2.35441493e-02
 2.12173434e+00 9.40736595e-02
 2.13745089e+00 8.70195827e-02
 2.15316744e+00 4.09214637e-02
 2.16888399e+00 1.18798168e-01
 2.18460054e+00 3.59419120e-02
 2.20031709e+00 1.01890619e-01
 2.21603364e+00 1.06387261e-01
 2.23175019e+00 3.75428271e-02
 2.24746674e+00 1.39461513e-01
 2.26318329e+00 5.34807528e-02
 2.27889984e+00 1.15333888e-01
 2.29461639e+00 1.36821298e-01
 2.31033294e+00 3.39330894e-02
 2.32604949e+00 1.75680881e-01
 2.34176604e+00 8.29582637e-02
 2.35748259e+00 1.43077309e-01
 2.37319915e+00 1.96837688e-01
 2.38891570e+00 3.01196812e-02
 2.40463225e+00 2.62113989e-01
 2.42034880e+00 1.55070410e-01
 2.43606535e+00 2.32208737e-01
 2.45178190e+00 4.09159964e-01
 2.46749845e+00 2.76841930e-02
 2.48321500e+00 8.94107753e-01
 2.49893155e+00 1.52915582e+00
 2.51464810e+00 1.42995294e+00
 2.53036465e+00 7.28131347e-01
 2.54608120e+00 1.32897372e-02
 2.56179775e+00 2.59142078e-01
 2.57751430e+00 1.24815468e-01
 2.59323085e+00 7.57135678e-02
 2.60894740e+00 1.08956562e-01
 2.62466396e+00 9.98704041e-03
 2.64038051e+00 7.34525750e-02
 2.65609706e+00 5.64301342e-02
 2.67181361e+00 4.04761692e-02
 2.68753016e+00 1.02715610e-01
 2.70324671e+00 2.32675665e-02
 2.71896326e+00 1.31233144e-01
 2.73467981e+00 1.40135818e-01
 2.75039636e+00 9.04903450e-02
 2.76611291e+00 3.10330014e-01
 2.78182946e+00 1.15419392e-01
 2.79754601e+00 5.83368688e-01
 2.81326256e+00 1.34642108e+00
 2.82897911e+00 1.55999300e+00
 2.84469566e+00 1.03280987e+00
 2.86041221e+00 1.96519595e-01
 2.87612877e+00 3.15888630e-01
 2.89184532e+00 2.62771553e-01
 2.90756187e+00 5.90327085e-02
 2.92327842e+00 2.11977525e-01
 2.93899497e+00 7.56460222e-02
 2.95471152e+00 1.17873950e-01
 2.97042807e+00 1.27574898e-01
 2.98614462e+00 2.04072934e-02
 3.00186117e+00 1.17370445e-01
 3.01757772e+00 5.29275787e-02
 3.03329427e+00 6.87999769e-02
 3.04901082e+00 8.80722167e-02
 3.06472737e+00 7.13126947e-03
 3.08044392e+00 8.41470594e-02
 3.09616047e+00 4.60243251e-02
 3.11187702e+00 5.00686450e-02
 3.12759358e+00 7.60850697e-02
