 0.00000000e+00 0.00000000e+00
 1.00000000e-02 5.46071138e-02
 2.00000000e-02 1.15781282e-01
 3.00000000e-02 1.92706053e-01
 4.00000000e-02 3.01824960e-01
 5.00000000e-02 4.76676382e-01
 6.00000000e-02 7.69510435e-01
 7.00000000e-02 1.02366230e+00
 8.00000000e-02 8.41513414e-01
 9.00000000e-02 6.09759807e-01
 1.00000000e-01 4.66611107e-01
 1.10000000e-01 3.77556630e-01
 1.20000000e-01 3.17907227e-01
 1.30000000e-01 2.75287151e-01
 1.40000000e-01 2.43269614e-01
 1.50000000e-01 2.18269777e-01
 1.60000000e-01 1.98150551e-01
 1.70000000e-01 1.81564272e-01
 1.80000000e-01 1.67620440e-01
 1.90000000e-01 1.55707240e-01
 2.00000000e-01 1.45390317e-01
 2.10000000e-01 1.36352586e-01
 2.20000000e-01 1.28356969e-01
 2.30000000e-01 1.21222506e-01
 2.40000000e-01 1.14808549e-01
 2.50000000e-01 1.09004037e-01
 2.60000000e-01 1.03720025e-01
 2.70000000e-01 9.88843863e-02
 2.80000000e-01 9.44379725e-02
 2.90000000e-01 9.03317832e-02
 3.00000000e-01 8.65248542e-02
 3.10000000e-01 8.29826530e-02
 3.20000000e-01 7.96758481e-02
 3.30000000e-01 7.65793514e-02
 3.40000000e-01 7.36715677e-02
 3.50000000e-01 7.09337979e-02
 3.60000000e-01 6.83497629e-02
 3.70000000e-01 6.59052180e-02
 3.80000000e-01 6.35876405e-02
 3.90000000e-01 6.13859728e-02
 4.00000000e-01 5.92904107e-02
 4.10000000e-01 5.72922282e-02
 4.20000000e-01 5.53836309e-02
 4.30000000e-01 5.35576321e-02
 4.40000000e-01 5.18079497e-02
 4.50000000e-01 5.01289177e-02
 4.60000000e-01 4.85154108e-02
 4.70000000e-01 4.69627803e-02
 4.80000000e-01 4.54667991e-02
 4.90000000e-01 4.40236133e-02
 5.00000000e-01 4.26297014e-02
 5.10000000e-01 4.12818381e-02
 5.20000000e-01 3.99770630e-02
 5.30000000e-01 3.87126532e-02
 5.40000000e-01 3.74860993e-02
 5.50000000e-01 3.62950838e-02
 5.60000000e-01 3.51374629e-02
 5.70000000e-01 3.40112496e-02
 5.80000000e-01 3.29145990e-02
 5.90000000e-01 3.18457953e-02
 6.00000000e-01 3.08032399e-02
 6.10000000e-01 2.97854414e-02
 6.20000000e-01 2.87910058e-02
 6.30000000e-01 2.78186281e-02
 6.40000000e-01 2.68670851e-02
 6.50000000e-01 2.59352281e-02
 6.60000000e-01 2.50219772e-02
 6.70000000e-01 2.41263152e-02
 6.80000000e-01 2.32472831e-02
 6.90000000e-01 2.23839750e-02
 7.00000000e-01 2.15355341e-02
 7.10000000e-01 2.07011488e-02
 7.20000000e-01 1.98800496e-02
 7.30000000e-01 1.90715051e-02
 7.40000000e-01 1.82748199e-02
 7.50000000e-01 1.74893312e-02
 7.60000000e-01 1.67144069e-02
 7.70000000e-01 1.59494428e-02
 7.80000000e-01 1.51938609e-02
 7.90000000e-01 1.44471072e-02
 8.00000000e-01 1.37086497e-02
 8.10000000e-01 1.29779773e-02
 8.20000000e-01 1.22545977e-02
 8.30000000e-01 1.15380359e-02
 8.40000000e-01 1.08278333e-02
 8.50000000e-01 1.01235459e-02
 8.60000000e-01 9.42474349e-03
 8.70000000e-01 8.73100811e-03
 8.80000000e-01 8.04193331e-03
 8.90000000e-01 7.35712295e-03
 9.00000000e-01 6.67619027e-03
 9.10000000e-01 5.99875695e-03
 9.20000000e-01 5.32445225e-03
 9.30000000e-01 4.65291211e-03
 9.40000000e-01 3.98377837e-03
 9.50000000e-01 3.31669798e-03
 9.60000000e-01 2.65132219e-03
 9.70000000e-01 1.98730584e-03
 9.80000000e-01 1.32430659e-03
 9.90000000e-01 6.61984247e-04
