 -2.00000000e+00 7.14321587e-02
 -1.98400000e+00 7.14321587e-02
 -1.96800000e+00 6.95627669e-02
 -1.95200000e+00 6.58710236e-02
 -1.93600000e+00 6.04498711e-02
 -1.92000000e+00 5.34359027e-02
 -1.90400000e+00 4.50060540e-02
 -1.88800000e+00 3.53733110e-02
 -1.87200000e+00 2.47815377e-02
 -1.85600000e+00 1.34995436e-02
 -1.84000000e+00 1.81453063e-03
 -1.82400000e+00 9.97492659e-03
 -1.80800000e+00 2.15662020e-02
 -1.79200000e+00 3.26600678e-02
 -1.77600000e+00 4.29680961e-02
 -1.76000000e+00 5.22198373e-02
 -1.74400000e+00 6.01696040e-02
 -1.72800000e+00 6.66026971e-02
 -1.71200000e+00 7.13409239e-02
 -1.69600000e+00 7.42472750e-02
 -1.68000000e+00 7.52296416e-02
 -1.66400000e+00 7.42434817e-02
 -1.64800000e+00 7.12933635e-02
 -1.63200000e+00 6.64333417e-02
 -1.61600000e+00 5.97661485e-02
 -1.60000000e+00 5.14412087e-02
 -1.58400000e+00 4.16515146e-02
 -1.56800000e+00 3.06294238e-02
 -1.55200000e+00 1.86414666e-02
 -1.53600000e+00 5.98227490e-03
 -1.52000000e+00 7.03223683e-03
 -1.50400000e+00 2.00722889e-02
 -1.48800000e+00 3.28020878e-02
 -1.47200000e+00 4.48879369e-02
 -1.45600000e+00 5.60064243e-02
 -1.44000000e+00 6.58525027e-02
 -1.42400000e+00 7.41472780e-02
 -1.40800000e+00 8.06453261e-02
 -1.39200000e+00 8.51413709e-02
 -1.37600000e+00 8.74761643e-02
 -1.36000000e+00 8.75414305e-02
 -1.34400000e+00 8.52837539e-02
 -1.32800000e+00 8.07073117e-02
 -1.31200000e+00 7.38753810e-02
 -1.29600000e+00 6.49105716e-02
 -1.28000000e+00 5.39937677e-02
 -1.26400000e+00 4.13617872e-02
 -1.24800000e+00 2.73037961e-02
 -1.23200000e+00 1.21565435e-02
 -1.21600000e+00 3.70149222e-03
 -1.20000000e+00 1.98569310e-02
 -1.18400000e+00 3.58691556e-02
 -1.16800000e+00 5.12786577e-02
 -1.15200000e+00 6.56158944e-02
 -1.13600000e+00 7.84104722e-02
 -1.12000000e+00 8.92004698e-02
 -1.10400000e+00 9.75417019e-02
 -1.08800000e+00 1.03016735e-01
 -1.07200000e+00 1.05243461e-01
 -1.05600000e+00 1.03883053e-01
 -1.04000000e+00 9.86471358e-02
 -1.02400000e+00 8.93040105e-02
 -1.00800000e+00 7.56838180e-02
 -9.92000000e-01 5.76825176e-02
 -9.76000000e-01 3.52646026e-02
 -9.60000000e-01 8.46449495e-03
 -9.44000000e-01 2.26134132e-02
 -9.28000000e-01 5.77960713e-02
 -9.12000000e-01 9.68444095e-02
 -8.96000000e-01 1.39457251e-01
 -8.80000000e-01 1.85276414e-01
 -8.64000000e-01 2.33892904e-01
 -8.48000000e-01 2.84854061e-01
 -8.32000000e-01 3.37671514e-01
 -8.16000000e-01 3.91829789e-01
 -8.00000000e-01 4.46795377e-01
 -7.84000000e-01 5.02026093e-01
 -7.68000000e-01 5.56980522e-01
 -7.52000000e-01 6.11127365e-01
 -7.36000000e-01 6.63954505e-01
 -7.20000000e-01 7.14977592e-01
 -7.04000000e-01 7.63748002e-01
 -6.88000000e-01 8.09859998e-01
 -6.72000000e-01 8.52956956e-01
 -6.56000000e-01 8.92736558e-01
 -6.40000000e-01 9.28954834e-01
 -6.24000000e-01 9.61429009e-01
 -6.08000000e-01 9.90039097e-01
 -5.92000000e-01 1.01472824e+00
 -5.76000000e-01 1.03550178e+00
 -5.60000000e-01 1.05242518e+00
 -5.44000000e-01 1.06562072e+00
 -5.28000000e-01 1.07526321e+00
 -5.12000000e-01 1.08157472e+00
 -4.96000000e-01 1.08481854e+00
 -4.80000000e-01 1.08529239e+00
 -4.64000000e-01 1.08332126e+00
 -4.48000000e-01 1.07924975e+00
 -4.32000000e-01 1.07343435e+00
 -4.16000000e-01 1.06623573e+00
 -4.00000000e-01 1.05801108e+00
 -3.84000000e-01 1.04910698e+00
 -3.68000000e-01 1.03985259e+00
 -3.52000000e-01 1.03055355e+00
 -3.36000000e-01 1.02148668e+00
 -3.20000000e-01 1.01289543e+00
 -3.04000000e-01 1.00498637e+00
 -2.88000000e-01 9.97926630e-01
 -2.72000000e-01 9.91842419e-01
 -2.56000000e-01 9.86818532e-01
 -2.40000000e-01 9.82898944e-01
 -2.24000000e-01 9.80088376e-01
 -2.08000000e-01 9.78354790e-01
 -1.92000000e-01 9.77632739e-01
 -1.76000000e-01 9.77827455e-01
 -1.60000000e-01 9.78819570e-01
 -1.44000000e-01 9.80470318e-01
 -1.28000000e-01 9.82627095e-01
 -1.12000000e-01 9.85129209e-01
 -9.60000000e-02 9.87813676e-01
 -8.00000000e-02 9.90520901e-01
 -6.40000000e-02 9.93100108e-01
 -4.80000000e-02 9.95414359e-01
 -3.20000000e-02 9.97345045e-01
 -1.60000000e-02 9.98795733e-01
 0.00000000e+00 9.99695259e-01
 1.60000000e-02 1.00000000e+00
 3.20000000e-02 9.99695259e-01
 4.80000000e-02 9.98795733e-01
 6.40000000e-02 9.97345045e-01
 8.00000000e-02 9.95414359e-01
 9.60000000e-02 9.93100108e-01
 1.12000000e-01 9.90520901e-01
 1.28000000e-01 9.87813676e-01
 1.44000000e-01 9.85129209e-01
 1.60000000e-01 9.82627095e-01
 1.76000000e-01 9.80470318e-01
 1.92000000e-01 9.78819570e-01
 2.08000000e-01 9.77827455e-01
 2.24000000e-01 9.77632739e-01
 2.40000000e-01 9.78354790e-01
 2.56000000e-01 9.80088376e-01
 2.72000000e-01 9.82898944e-01
 2.88000000e-01 9.86818532e-01
 3.04000000e-01 9.91842419e-01
 3.20000000e-01 9.97926630e-01
 3.36000000e-01 1.00498637e+00
 3.52000000e-01 1.01289543e+00
 3.68000000e-01 1.02148668e+00
 3.84000000e-01 1.03055355e+00
 4.00000000e-01 1.03985259e+00
 4.16000000e-01 1.04910698e+00
 4.32000000e-01 1.05801108e+00
 4.48000000e-01 1.06623573e+00
 4.64000000e-01 1.07343435e+00
 4.80000000e-01 1.07924975e+00
 4.96000000e-01 1.08332126e+00
 5.12000000e-01 1.08529239e+00
 5.28000000e-01 1.08481854e+00
 5.44000000e-01 1.08157472e+00
 5.60000000e-01 1.07526321e+00
 5.76000000e-01 1.06562072e+00
 5.92000000e-01 1.05242518e+00
 6.08000000e-01 1.03550178e+00
 6.24000000e-01 1.01472824e+00
 6.40000000e-01 9.90039097e-01
 6.56000000e-01 9.61429009e-01
 6.72000000e-01 9.28954834e-01
 6.88000000e-01 8.92736558e-01
 7.04000000e-01 8.52956956e-01
 7.20000000e-01 8.09859998e-01
 7.36000000e-01 7.63748002e-01
 7.52000000e-01 7.14977592e-01
 7.68000000e-01 6.63954505e-01
 7.84000000e-01 6.11127365e-01
 8.00000000e-01 5.56980522e-01
 8.16000000e-01 5.02026093e-01
 8.32000000e-01 4.46795377e-01
 8.48000000e-01 3.91829789e-01
 8.64000000e-01 3.37671514e-01
 8.80000000e-01 2.84854061e-01
 8.96000000e-01 2.33892904e-01
 9.12000000e-01 1.85276414e-01
 9.28000000e-01 1.39457251e-01
 9.44000000e-01 9.68444095e-02
 9.60000000e-01 5.77960713e-02
 9.76000000e-01 2.26134132e-02
 9.92000000e-01 8.46449495e-03
 1.00800000e+00 3.52646026e-02
 1.02400000e+00 5.76825176e-02
 1.04000000e+00 7.56838180e-02
 1.05600000e+00 8.93040105e-02
 1.07200000e+00 9.86471358e-02
 1.08800000e+00 1.03883053e-01
 1.10400000e+00 1.05243461e-01
 1.12000000e+00 1.03016735e-01
 1.13600000e+00 9.75417019e-02
 1.15200000e+00 8.92004698e-02
 1.16800000e+00 7.84104722e-02
 1.18400000e+00 6.56158944e-02
 1.20000000e+00 5.12786577e-02
 1.21600000e+00 3.58691556e-02
 1.23200000e+00 1.98569310e-02
 1.24800000e+00 3.70149222e-03
 1.26400000e+00 1.21565435e-02
 1.28000000e+00 2.73037961e-02
 1.29600000e+00 4.13617872e-02
 1.31200000e+00 5.39937677e-02
 1.32800000e+00 6.49105716e-02
 1.34400000e+00 7.38753810e-02
 1.36000000e+00 8.07073117e-02
 1.37600000e+00 8.52837539e-02
 1.39200000e+00 8.75414305e-02
 1.40800000e+00 8.74761643e-02
 1.42400000e+00 8.51413709e-02
 1.44000000e+00 8.06453261e-02
 1.45600000e+00 7.41472780e-02
 1.47200000e+00 6.58525027e-02
 1.48800000e+00 5.60064243e-02
 1.50400000e+00 4.48879369e-02
 1.52000000e+00 3.28020878e-02
 1.53600000e+00 2.00722889e-02
 1.55200000e+00 7.03223683e-03
 1.56800000e+00 5.98227490e-03
 1.58400000e+00 1.86414666e-02
 1.60000000e+00 3.06294238e-02
 1.61600000e+00 4.16515146e-02
 1.63200000e+00 5.14412087e-02
 1.64800000e+00 5.97661485e-02
 1.66400000e+00 6.64333417e-02
 1.68000000e+00 7.12933635e-02
 1.69600000e+00 7.42434817e-02
 1.71200000e+00 7.52296416e-02
 1.72800000e+00 7.42472750e-02
 1.74400000e+00 7.13409239e-02
 1.76000000e+00 6.66026971e-02
 1.77600000e+00 6.01696040e-02
 1.79200000e+00 5.22198373e-02
 1.80800000e+00 4.29680961e-02
 1.82400000e+00 3.26600678e-02
 1.84000000e+00 2.15662020e-02
 1.85600000e+00 9.97492659e-03
 1.87200000e+00 1.81453063e-03
 1.88800000e+00 1.34995436e-02
 1.90400000e+00 2.47815377e-02
 1.92000000e+00 3.53733110e-02
 1.93600000e+00 4.50060540e-02
 1.95200000e+00 5.34359027e-02
 1.96800000e+00 6.04498711e-02
 1.98400000e+00 6.58710236e-02
 2.00000000e+00 6.95627669e-02
