 0.00000000e+00 0.00000000e+00
 4.00000000e-02 1.04485662e-01
 8.00000000e-02 2.07571003e-01
 1.20000000e-01 3.07876807e-01
 1.60000000e-01 4.04065745e-01
 2.00000000e-01 4.94862500e-01
 2.40000000e-01 5.79072922e-01
 2.80000000e-01 6.55601926e-01
 3.20000000e-01 7.23469842e-01
 3.60000000e-01 7.81826967e-01
 4.00000000e-01 8.29966095e-01
 4.40000000e-01 8.67332830e-01
 4.80000000e-01 8.93533521e-01
 5.20000000e-01 9.08340695e-01
 5.60000000e-01 9.11695915e-01
 6.00000000e-01 9.03710009e-01
 6.40000000e-01 8.84660677e-01
 6.80000000e-01 8.54987510e-01
 7.20000000e-01 8.15284513e-01
 7.60000000e-01 7.66290233e-01
 8.00000000e-01 7.08875674e-01
 8.40000000e-01 6.44030170e-01
 8.80000000e-01 5.72845452e-01
 9.20000000e-01 4.96498159e-01
 9.60000000e-01 4.16231065e-01
 1.00000000e+00 3.33333333e-01
 1.04000000e+00 2.49120087e-01
 1.08000000e+00 1.64911642e-01
 1.12000000e+00 8.20127151e-02
 1.16000000e+00 1.69193764e-03
 1.20000000e+00 7.48379961e-02
 1.24000000e+00 1.46439242e-01
 1.28000000e+00 2.12066478e-01
 1.32000000e+00 2.70783057e-01
 1.36000000e+00 3.21775393e-01
 1.40000000e+00 3.64365346e-01
 1.44000000e+00 3.98020420e-01
 1.48000000e+00 4.22361610e-01
 1.52000000e+00 4.37168784e-01
 1.56000000e+00 4.42383504e-01
 1.60000000e+00 4.38109260e-01
 1.64000000e+00 4.24609103e-01
 1.68000000e+00 4.02300726e-01
 1.72000000e+00 3.71749065e-01
 1.76000000e+00 3.33656553e-01
 1.80000000e+00 2.88851170e-01
 1.84000000e+00 2.38272487e-01
 1.88000000e+00 1.82955930e-01
 1.92000000e+00 1.24015514e-01
 1.96000000e+00 6.26253159e-02
