 0.00000000e+00 3.33066907e-16
 1.43239449e-02 4.24274447e-02
 2.86478898e-02 8.49465616e-02
 4.29718346e-02 1.27629414e-01
 5.72957795e-02 1.70510417e-01
 7.16197244e-02 2.13571233e-01
 8.59436693e-02 2.56729560e-01
 1.00267614e-01 2.99832356e-01
 1.14591559e-01 3.42653562e-01
 1.28915504e-01 3.84896044e-01
 1.43239449e-01 4.26197224e-01
 1.57563394e-01 4.66137740e-01
 1.71887339e-01 5.04252438e-01
 1.86211283e-01 5.40043046e-01
 2.00535228e-01 5.72991944e-01
 2.14859173e-01 6.02576537e-01
 2.29183118e-01 6.28283836e-01
 2.43507063e-01 6.49624937e-01
 2.57831008e-01 6.66149178e-01
 2.72154953e-01 6.77457832e-01
 2.86478898e-01 6.83217292e-01
 3.00802842e-01 6.83171816e-01
 3.15126787e-01 6.77156057e-01
 3.29450732e-01 6.65107809e-01
 3.43774677e-01 6.47081776e-01
 3.58098622e-01 6.23265706e-01
 3.72422567e-01 5.94001169e-01
 3.86746512e-01 5.59812787e-01
 4.01070457e-01 5.21452280e-01
 4.15394401e-01 4.79967665e-01
 4.29718346e-01 4.36813117e-01
 4.44042291e-01 3.94017334e-01
 4.58366236e-01 3.54409160e-01
 4.72690181e-01 3.21802130e-01
 4.87014126e-01 3.00780356e-01
 5.01338071e-01 2.95490356e-01
 5.15662016e-01 3.07587090e-01
 5.29985960e-01 3.35224526e-01
 5.44309905e-01 3.74329965e-01
 5.58633850e-01 4.20554315e-01
 5.72957795e-01 4.70275225e-01
 5.87281740e-01 5.20729236e-01
 6.01605685e-01 5.69834520e-01
 6.15929630e-01 6.15995561e-01
 6.30253575e-01 6.57962242e-01
 6.44577520e-01 6.94740579e-01
 6.58901464e-01 7.25538929e-01
 6.73225409e-01 7.49736147e-01
 6.87549354e-01 7.66862737e-01
 7.01873299e-01 7.76589412e-01
 7.16197244e-01 7.78719677e-01
 7.30521189e-01 7.73184351e-01
 7.44845134e-01 7.60036753e-01
 7.59169079e-01 7.39447779e-01
 7.73493023e-01 7.11700375e-01
 7.87816968e-01 6.77183140e-01
 8.02140913e-01 6.36382906e-01
 8.16464858e-01 5.89876255e-01
 8.30788803e-01 5.38319970e-01
 8.45112748e-01 4.82440509e-01
 8.59436693e-01 4.23022579e-01
 8.73760638e-01 3.60896976e-01
 8.88084582e-01 2.96927819e-01
 9.02408527e-01 2.31999373e-01
 9.16732472e-01 1.67002630e-01
 9.31056417e-01 1.02821860e-01
 9.45380362e-01 4.03213166e-02
 9.59704307e-01 1.96676999e-02
 9.74028252e-01 7.63592288e-02
 9.88352197e-01 1.29024297e-01
 1.00267614e+00 1.77001653e-01
 1.01700009e+00 2.19707426e-01
 1.03132403e+00 2.56643563e-01
 1.04564798e+00 2.87404908e-01
 1.05997192e+00 3.11684833e-01
 1.07429587e+00 3.29279316e-01
 1.08861981e+00 3.40089426e-01
 1.10294376e+00 3.44122156e-01
 1.11726770e+00 3.41489614e-01
 1.13159165e+00 3.32406578e-01
 1.14591559e+00 3.17186448e-01
 1.16023954e+00 2.96235680e-01
 1.17456348e+00 2.70046772e-01
 1.18888742e+00 2.39189922e-01
 1.20321137e+00 2.04303494e-01
 1.21753531e+00 1.66083431e-01
 1.23185926e+00 1.25271803e-01
 1.24618320e+00 8.26446425e-02
 1.26050715e+00 3.89992888e-02
 1.27483109e+00 4.85858178e-03
 1.28915504e+00 4.81280225e-02
 1.30347898e+00 9.00257782e-02
 1.31780293e+00 1.29798939e-01
 1.33212687e+00 1.66737084e-01
 1.34645082e+00 2.00183726e-01
 1.36077476e+00 2.29546879e-01
 1.37509871e+00 2.54308571e-01
 1.38942265e+00 2.74033173e-01
 1.40374660e+00 2.88374390e-01
 1.41807054e+00 2.97080823e-01
 1.43239449e+00 3.00000000e-01
 1.44671843e+00 2.97080823e-01
 1.46104238e+00 2.88374390e-01
 1.47536632e+00 2.74033173e-01
 1.48969027e+00 2.54308571e-01
 1.50401421e+00 2.29546879e-01
 1.51833816e+00 2.00183726e-01
 1.53266210e+00 1.66737084e-01
 1.54698605e+00 1.29798939e-01
 1.56130999e+00 9.00257782e-02
 1.57563394e+00 4.81280225e-02
 1.58995788e+00 4.85858178e-03
 1.60428183e+00 3.89992888e-02
 1.61860577e+00 8.26446425e-02
 1.63292972e+00 1.25271803e-01
 1.64725366e+00 1.66083431e-01
 1.66157761e+00 2.04303494e-01
 1.67590155e+00 2.39189922e-01
 1.69022550e+00 2.70046772e-01
 1.70454944e+00 2.96235680e-01
 1.71887339e+00 3.17186448e-01
 1.73319733e+00 3.32406578e-01
 1.74752128e+00 3.41489614e-01
 1.76184522e+00 3.44122156e-01
 1.77616916e+00 3.40089426e-01
 1.79049311e+00 3.29279316e-01
 1.80481705e+00 3.11684833e-01
 1.81914100e+00 2.87404908e-01
 1.83346494e+00 2.56643563e-01
 1.84778889e+00 2.19707426e-01
 1.86211283e+00 1.77001653e-01
 1.87643678e+00 1.29024297e-01
 1.89076072e+00 7.63592288e-02
 1.90508467e+00 1.96676999e-02
 1.91940861e+00 4.03213166e-02
 1.93373256e+00 1.02821860e-01
 1.94805650e+00 1.67002630e-01
 1.96238045e+00 2.31999373e-01
 1.97670439e+00 2.96927819e-01
 1.99102834e+00 3.60896976e-01
 2.00535228e+00 4.23022579e-01
 2.01967623e+00 4.82440509e-01
 2.03400017e+00 5.38319970e-01
 2.04832412e+00 5.89876255e-01
 2.06264806e+00 6.36382906e-01
 2.07697201e+00 6.77183140e-01
 2.09129595e+00 7.11700375e-01
 2.10561990e+00 7.39447779e-01
 2.11994384e+00 7.60036753e-01
 2.13426779e+00 7.73184351e-01
 2.14859173e+00 7.78719677e-01
 2.16291568e+00 7.76589412e-01
 2.17723962e+00 7.66862737e-01
 2.19156357e+00 7.49736147e-01
 2.20588751e+00 7.25538929e-01
 2.22021146e+00 6.94740579e-01
 2.23453540e+00 6.57962242e-01
 2.24885935e+00 6.15995561e-01
 2.26318329e+00 5.69834520e-01
 2.27750724e+00 5.20729236e-01
 2.29183118e+00 4.70275225e-01
 2.30615513e+00 4.20554315e-01
 2.32047907e+00 3.74329965e-01
 2.33480302e+00 3.35224526e-01
 2.34912696e+00 3.07587090e-01
 2.36345090e+00 2.95490356e-01
 2.37777485e+00 3.00780356e-01
 2.39209879e+00 3.21802130e-01
 2.40642274e+00 3.54409160e-01
 2.42074668e+00 3.94017334e-01
 2.43507063e+00 4.36813117e-01
 2.44939457e+00 4.79967665e-01
 2.46371852e+00 5.21452280e-01
 2.47804246e+00 5.59812787e-01
 2.49236641e+00 5.94001169e-01
 2.50669035e+00 6.23265706e-01
 2.52101430e+00 6.47081776e-01
 2.53533824e+00 6.65107809e-01
 2.54966219e+00 6.77156057e-01
 2.56398613e+00 6.83171816e-01
 2.57831008e+00 6.83217292e-01
 2.59263402e+00 6.77457832e-01
 2.60695797e+00 6.66149178e-01
 2.62128191e+00 6.49624937e-01
 2.63560586e+00 6.28283836e-01
 2.64992980e+00 6.02576537e-01
 2.66425375e+00 5.72991944e-01
 2.67857769e+00 5.40043046e-01
 2.69290164e+00 5.04252438e-01
 2.70722558e+00 4.66137740e-01
 2.72154953e+00 4.26197224e-01
 2.73587347e+00 3.84896044e-01
 2.75019742e+00 3.42653562e-01
 2.76452136e+00 2.99832356e-01
 2.77884531e+00 2.56729560e-01
 2.79316925e+00 2.13571233e-01
 2.80749320e+00 1.70510417e-01
 2.82181714e+00 1.27629414e-01
 2.83614109e+00 8.49465616e-02
 2.85046503e+00 4.24274447e-02
