 0.00000000e+00 1.00000000e+00
 2.02020202e-02 3.89190453e-01
 4.04040404e-02 6.78433952e-01
 6.06060606e-02 3.08597454e-01
 8.08080808e-02 3.46747620e-01
 1.01010101e-01 3.27346825e-01
 1.21212121e-01 2.77463333e-01
 1.41414141e-01 2.45812705e-01
 1.61616162e-01 2.59151818e-01
 1.81818182e-01 2.73363196e-01
 2.02020202e-01 2.59654397e-01
 2.22222222e-01 2.16400614e-01
 2.42424242e-01 1.71748250e-01
 2.62626263e-01 1.68627210e-01
 2.82828283e-01 1.47378688e-01
 3.03030303e-01 1.15915814e-01
 3.23232323e-01 7.76126241e-02
 3.43434343e-01 5.85984751e-02
 3.63636364e-01 5.79488748e-02
 3.83838384e-01 3.40922381e-02
 4.04040404e-01 2.09174897e-02
 4.24242424e-01 1.38400347e-02
 4.44444444e-01 1.92212671e-02
 4.64646465e-01 1.27446043e-02
 4.84848485e-01 5.48434543e-03
 5.05050505e-01 4.14888612e-03
 5.25252525e-01 3.31590594e-03
 5.45454545e-01 2.97174670e-03
 5.65656566e-01 3.64482496e-03
 5.85858586e-01 5.20265974e-03
 6.06060606e-01 5.46243761e-03
 6.26262626e-01 5.81915919e-04
 6.46464646e-01 6.42055057e-03
 6.66666667e-01 5.29202937e-03
 6.86868687e-01 4.77423453e-03
 7.07070707e-01 2.18042204e-03
 7.27272727e-01 6.81631592e-03
 7.47474747e-01 2.93075484e-03
 7.67676768e-01 6.09315898e-03
 7.87878788e-01 3.26985598e-03
 8.08080808e-01 3.48768804e-03
 8.28282828e-01 2.10127859e-03
 8.48484848e-01 2.42411804e-03
 8.68686869e-01 1.20042369e-03
 8.88888889e-01 4.97393399e-03
 9.09090909e-01 4.56941684e-03
 9.29292929e-01 4.64708918e-03
 9.49494949e-01 3.80160053e-03
 9.69696970e-01 9.24542091e-03
 9.89898990e-01 3.69252415e-03
 1.01010101e+00 4.33543410e-03
 1.03030303e+00 3.69252415e-03
 1.05050505e+00 9.24542091e-03
 1.07070707e+00 3.80160053e-03
 1.09090909e+00 4.64708918e-03
 1.11111111e+00 4.56941684e-03
 1.13131313e+00 4.97393399e-03
 1.15151515e+00 1.20042369e-03
 1.17171717e+00 2.42411804e-03
 1.19191919e+00 2.10127859e-03
 1.21212121e+00 3.48768804e-03
 1.23232323e+00 3.26985598e-03
 1.25252525e+00 6.09315898e-03
 1.27272727e+00 2.93075484e-03
 1.29292929e+00 6.81631592e-03
 1.31313131e+00 2.18042204e-03
 1.33333333e+00 4.77423453e-03
 1.35353535e+00 5.29202937e-03
 1.37373737e+00 6.42055057e-03
 1.39393939e+00 5.81915919e-04
 1.41414141e+00 5.46243761e-03
 1.43434343e+00 5.20265974e-03
 1.45454545e+00 3.64482496e-03
 1.47474747e+00 2.97174670e-03
 1.49494949e+00 3.31590594e-03
 1.51515152e+00 4.14888612e-03
 1.53535354e+00 5.48434543e-03
 1.55555556e+00 1.27446043e-02
 1.57575758e+00 1.92212671e-02
 1.59595960e+00 1.38400347e-02
 1.61616162e+00 2.09174897e-02
 1.63636364e+00 3.40922381e-02
 1.65656566e+00 5.79488748e-02
 1.67676768e+00 5.85984751e-02
 1.69696970e+00 7.76126241e-02
 1.71717172e+00 1.15915814e-01
 1.73737374e+00 1.47378688e-01
 1.75757576e+00 1.68627210e-01
 1.77777778e+00 1.71748250e-01
 1.79797980e+00 2.16400614e-01
 1.81818182e+00 2.59654397e-01
 1.83838384e+00 2.73363196e-01
 1.85858586e+00 2.59151818e-01
 1.87878788e+00 2.45812705e-01
 1.89898990e+00 2.77463333e-01
 1.91919192e+00 3.27346825e-01
 1.93939394e+00 3.46747620e-01
 1.95959596e+00 3.08597454e-01
 1.97979798e+00 6.78433952e-01
 2.00000000e+00 3.89190453e-01
