 1.00000000e-02 6.79997346e-02
 2.00000000e-02 1.04159431e-01
 3.00000000e-02 3.43970674e-01
 4.00000000e-02 6.17752026e-01
 5.00000000e-02 8.77352109e-01
 6.00000000e-02 1.08224241e+00
 7.00000000e-02 1.20655617e+00
 8.00000000e-02 1.24336661e+00
 9.00000000e-02 1.20450519e+00
 1.00000000e-01 1.11612397e+00
 1.10000000e-01 1.01124482e+00
 1.20000000e-01 9.21202988e-01
 1.30000000e-01 8.68196835e-01
 1.40000000e-01 8.61036444e-01
 1.50000000e-01 8.95050931e-01
 1.60000000e-01 9.55264569e-01
 1.70000000e-01 1.02142150e+00
 1.80000000e-01 1.07384518e+00
 1.90000000e-01 1.09880537e+00
 2.00000000e-01 1.09187491e+00
 2.10000000e-01 1.05836757e+00
 2.20000000e-01 1.01088654e+00
 2.30000000e-01 9.64879490e-01
 2.40000000e-01 9.33731341e-01
 2.50000000e-01 9.25083801e-01
 2.60000000e-01 9.39397910e-01
 2.70000000e-01 9.70622559e-01
 2.80000000e-01 1.00833094e+00
 2.90000000e-01 1.04085138e+00
 3.00000000e-01 1.05874703e+00
 3.10000000e-01 1.05759995e+00
 3.20000000e-01 1.03913230e+00
 3.30000000e-01 1.01028305e+00
 3.40000000e-01 9.80615461e-01
 3.50000000e-01 9.59077161e-01
 3.60000000e-01 9.51366403e-01
 3.70000000e-01 9.58702145e-01
 3.80000000e-01 9.77963415e-01
 3.90000000e-01 1.00279385e+00
 4.00000000e-01 1.02544631e+00
 4.10000000e-01 1.03910462e+00
 4.20000000e-01 1.04002676e+00
 4.30000000e-01 1.02868669e+00
 4.40000000e-01 1.00942412e+00
 4.50000000e-01 9.88740521e-01
 4.60000000e-01 9.72986241e-01
 4.70000000e-01 9.66424942e-01
 4.80000000e-01 9.70301368e-01
 4.90000000e-01 9.82863571e-01
 5.00000000e-01 1.00000000e+00
 5.10000000e-01 1.01636458e+00
 5.20000000e-01 1.02694213e+00
 5.30000000e-01 1.02867841e+00
 5.40000000e-01 1.02151191e+00
 5.50000000e-01 1.00829391e+00
 5.60000000e-01 9.93601201e-01
 5.70000000e-01 9.82013821e-01
 5.80000000e-01 9.76671881e-01
 5.90000000e-01 9.78615932e-01
 6.00000000e-01 9.86825621e-01
 6.10000000e-01 9.98622868e-01
 6.20000000e-01 1.01034340e+00
 6.30000000e-01 1.01835657e+00
 6.40000000e-01 1.02026952e+00
 6.50000000e-01 1.01580736e+00
 6.60000000e-01 1.00686910e+00
 6.70000000e-01 9.96677189e-01
 6.80000000e-01 9.88471102e-01
 6.90000000e-01 9.84439234e-01
 7.00000000e-01 9.85304984e-01
 7.10000000e-01 9.90441866e-01
 7.20000000e-01 9.98164642e-01
 7.30000000e-01 1.00609570e+00
 7.40000000e-01 1.01176202e+00
 7.50000000e-01 1.01342610e+00
 7.60000000e-01 1.01079109e+00
 7.70000000e-01 1.00511584e+00
 7.80000000e-01 9.98597595e-01
 7.90000000e-01 9.93379766e-01
 8.00000000e-01 9.90789080e-01
 8.10000000e-01 9.91150559e-01
 8.20000000e-01 9.94015236e-01
 8.30000000e-01 9.98415243e-01
 8.40000000e-01 1.00301967e+00
 8.50000000e-01 1.00638722e+00
 8.60000000e-01 1.00745429e+00
 8.70000000e-01 1.00604385e+00
 8.80000000e-01 1.00298485e+00
 8.90000000e-01 9.99659466e-01
 9.00000000e-01 9.97259924e-01
 9.10000000e-01 9.96288562e-01
 9.20000000e-01 9.96594992e-01
 9.30000000e-01 9.97745125e-01
 9.40000000e-01 9.99295592e-01
 9.50000000e-01 1.00080660e+00
 9.60000000e-01 1.00180430e+00
 9.70000000e-01 1.00194189e+00
 9.80000000e-01 1.00128793e+00
 9.90000000e-01 1.00040319e+00
