 -2.00000000e+00 2.73807208e-02
 -1.98400000e+00 2.73807208e-02
 -1.96800000e+00 2.58479675e-02
 -1.95200000e+00 2.28662758e-02
 -1.93600000e+00 1.85988079e-02
 -1.92000000e+00 1.32793688e-02
 -1.90400000e+00 7.19991802e-03
 -1.88800000e+00 6.94945405e-04
 -1.87200000e+00 5.87647609e-03
 -1.85600000e+00 1.21500242e-02
 -1.84000000e+00 1.77758369e-02
 -1.82400000e+00 2.24375628e-02
 -1.80800000e+00 2.58697452e-02
 -1.79200000e+00 2.78726151e-02
 -1.77600000e+00 2.83234940e-02
 -1.76000000e+00 2.71841779e-02
 -1.74400000e+00 2.45038755e-02
 -1.72800000e+00 2.04174970e-02
 -1.71200000e+00 1.51393290e-02
 -1.69600000e+00 8.95236252e-03
 -1.68000000e+00 2.19377048e-03
 -1.66400000e+00 4.76277466e-03
 -1.64800000e+00 1.15270802e-02
 -1.63200000e+00 1.77137251e-02
 -1.61600000e+00 2.29636023e-02
 -1.60000000e+00 2.69646260e-02
 -1.58400000e+00 2.94705466e-02
 -1.56800000e+00 3.03169024e-02
 -1.55200000e+00 2.94332643e-02
 -1.53600000e+00 2.68511062e-02
 -1.52000000e+00 2.27068420e-02
 -1.50400000e+00 1.72398016e-02
 -1.48800000e+00 1.07851627e-02
 -1.47200000e+00 3.76210322e-03
 -1.45600000e+00 3.34232938e-03
 -1.44000000e+00 9.99292161e-03
 -1.42400000e+00 1.56286826e-02
 -1.40800000e+00 1.96868933e-02
 -1.39200000e+00 2.16277050e-02
 -1.37600000e+00 2.09581392e-02
 -1.36000000e+00 1.72543646e-02
 -1.34400000e+00 1.01811984e-02
 -1.32800000e+00 4.92093304e-04
 -1.31200000e+00 1.48804527e-02
 -1.29600000e+00 3.29766939e-02
 -1.28000000e+00 5.46504908e-02
 -1.26400000e+00 7.96527568e-02
 -1.24800000e+00 1.07625232e-01
 -1.23200000e+00 1.38114852e-01
 -1.21600000e+00 1.70592249e-01
 -1.20000000e+00 2.04473537e-01
 -1.18400000e+00 2.39144400e-01
 -1.16800000e+00 2.73985367e-01
 -1.15200000e+00 3.08397135e-01
 -1.13600000e+00 3.41824787e-01
 -1.12000000e+00 3.73779806e-01
 -1.10400000e+00 4.03858910e-01
 -1.08800000e+00 4.31758859e-01
 -1.07200000e+00 4.57286605e-01
 -1.05600000e+00 4.80364364e-01
 -1.04000000e+00 5.01029417e-01
 -1.02400000e+00 5.19428721e-01
 -1.00800000e+00 5.35808622e-01
 -9.92000000e-01 5.50500207e-01
 -9.76000000e-01 5.63901025e-01
 -9.60000000e-01 5.76454056e-01
 -9.44000000e-01 5.88624956e-01
 -9.28000000e-01 6.00878628e-01
 -9.12000000e-01 6.13656239e-01
 -8.96000000e-01 6.27353726e-01
 -8.80000000e-01 6.42302771e-01
 -8.64000000e-01 6.58755102e-01
 -8.48000000e-01 6.76870775e-01
 -8.32000000e-01 6.96710949e-01
 -8.16000000e-01 7.18235389e-01
 -8.00000000e-01 7.41304750e-01
 -7.84000000e-01 7.65687450e-01
 -7.68000000e-01 7.91070729e-01
 -7.52000000e-01 8.17075293e-01
 -7.36000000e-01 8.43272814e-01
 -7.20000000e-01 8.69205395e-01
 -7.04000000e-01 8.94406057e-01
 -6.88000000e-01 9.18419281e-01
 -6.72000000e-01 9.40820637e-01
 -6.56000000e-01 9.61234610e-01
 -6.40000000e-01 9.79349834e-01
 -6.24000000e-01 9.94931079e-01
 -6.08000000e-01 1.00782754e+00
 -5.92000000e-01 1.01797708e+00
 -5.76000000e-01 1.02540645e+00
 -5.60000000e-01 1.03022746e+00
 -5.44000000e-01 1.03262948e+00
 -5.28000000e-01 1.03286876e+00
 -5.12000000e-01 1.03125511e+00
 -4.96000000e-01 1.02813673e+00
 -4.80000000e-01 1.02388391e+00
 -4.64000000e-01 1.01887244e+00
 -4.48000000e-01 1.01346766e+00
 -4.32000000e-01 1.00800961e+00
 -4.16000000e-01 1.00280032e+00
 -4.00000000e-01 9.98093404e-01
 -3.84000000e-01 9.94086720e-01
 -3.68000000e-01 9.90918002e-01
 -3.52000000e-01 9.88663773e-01
 -3.36000000e-01 9.87341331e-01
 -3.20000000e-01 9.86913576e-01
 -3.04000000e-01 9.87296286e-01
 -2.88000000e-01 9.88367339e-01
 -2.72000000e-01 9.89977284e-01
 -2.56000000e-01 9.91960632e-01
 -2.40000000e-01 9.94147197e-01
 -2.24000000e-01 9.96372872e-01
 -2.08000000e-01 9.98489258e-01
 -1.92000000e-01 1.00037166e+00
 -1.76000000e-01 1.00192505e+00
 -1.60000000e-01 1.00308781e+00
 -1.44000000e-01 1.00383308e+00
 -1.28000000e-01 1.00416771e+00
 -1.12000000e-01 1.00412916e+00
 -9.60000000e-02 1.00378042e+00
 -8.00000000e-02 1.00320347e+00
 -6.40000000e-02 1.00249178e+00
 -4.80000000e-02 1.00174225e+00
 -3.20000000e-02 1.00104731e+00
 -1.60000000e-02 1.00048751e+00
 0.00000000e+00 1.00012525e+00
 1.60000000e-02 1.00000000e+00
 3.20000000e-02 1.00012525e+00
 4.80000000e-02 1.00048751e+00
 6.40000000e-02 1.00104731e+00
 8.00000000e-02 1.00174225e+00
 9.60000000e-02 1.00249178e+00
 1.12000000e-01 1.00320347e+00
 1.28000000e-01 1.00378042e+00
 1.44000000e-01 1.00412916e+00
 1.60000000e-01 1.00416771e+00
 1.76000000e-01 1.00383308e+00
 1.92000000e-01 1.00308781e+00
 2.08000000e-01 1.00192505e+00
 2.24000000e-01 1.00037166e+00
 2.40000000e-01 9.98489258e-01
 2.56000000e-01 9.96372872e-01
 2.72000000e-01 9.94147197e-01
 2.88000000e-01 9.91960632e-01
 3.04000000e-01 9.89977284e-01
 3.20000000e-01 9.88367339e-01
 3.36000000e-01 9.87296286e-01
 3.52000000e-01 9.86913576e-01
 3.68000000e-01 9.87341331e-01
 3.84000000e-01 9.88663773e-01
 4.00000000e-01 9.90918002e-01
 4.16000000e-01 9.94086720e-01
 4.32000000e-01 9.98093404e-01
 4.48000000e-01 1.00280032e+00
 4.64000000e-01 1.00800961e+00
 4.80000000e-01 1.01346766e+00
 4.96000000e-01 1.01887244e+00
 5.12000000e-01 1.02388391e+00
 5.28000000e-01 1.02813673e+00
 5.44000000e-01 1.03125511e+00
 5.60000000e-01 1.03286876e+00
 5.76000000e-01 1.03262948e+00
 5.92000000e-01 1.03022746e+00
 6.08000000e-01 1.02540645e+00
 6.24000000e-01 1.01797708e+00
 6.40000000e-01 1.00782754e+00
 6.56000000e-01 9.94931079e-01
 6.72000000e-01 9.79349834e-01
 6.88000000e-01 9.61234610e-01
 7.04000000e-01 9.40820637e-01
 7.20000000e-01 9.18419281e-01
 7.36000000e-01 8.94406057e-01
 7.52000000e-01 8.69205395e-01
 7.68000000e-01 8.43272814e-01
 7.84000000e-01 8.17075293e-01
 8.00000000e-01 7.91070729e-01
 8.16000000e-01 7.65687450e-01
 8.32000000e-01 7.41304750e-01
 8.48000000e-01 7.18235389e-01
 8.64000000e-01 6.96710949e-01
 8.80000000e-01 6.76870775e-01
 8.96000000e-01 6.58755102e-01
 9.12000000e-01 6.42302771e-01
 9.28000000e-01 6.27353726e-01
 9.44000000e-01 6.13656239e-01
 9.60000000e-01 6.00878628e-01
 9.76000000e-01 5.88624956e-01
 9.92000000e-01 5.76454056e-01
 1.00800000e+00 5.63901025e-01
 1.02400000e+00 5.50500207e-01
 1.04000000e+00 5.35808622e-01
 1.05600000e+00 5.19428721e-01
 1.07200000e+00 5.01029417e-01
 1.08800000e+00 4.80364364e-01
 1.10400000e+00 4.57286605e-01
 1.12000000e+00 4.31758859e-01
 1.13600000e+00 4.03858910e-01
 1.15200000e+00 3.73779806e-01
 1.16800000e+00 3.41824787e-01
 1.18400000e+00 3.08397135e-01
 1.20000000e+00 2.73985367e-01
 1.21600000e+00 2.39144400e-01
 1.23200000e+00 2.04473537e-01
 1.24800000e+00 1.70592249e-01
 1.26400000e+00 1.38114852e-01
 1.28000000e+00 1.07625232e-01
 1.29600000e+00 7.96527568e-02
 1.31200000e+00 5.46504908e-02
 1.32800000e+00 3.29766939e-02
 1.34400000e+00 1.48804527e-02
 1.36000000e+00 4.92093304e-04
 1.37600000e+00 1.01811984e-02
 1.39200000e+00 1.72543646e-02
 1.40800000e+00 2.09581392e-02
 1.42400000e+00 2.16277050e-02
 1.44000000e+00 1.96868933e-02
 1.45600000e+00 1.56286826e-02
 1.47200000e+00 9.99292161e-03
 1.48800000e+00 3.34232938e-03
 1.50400000e+00 3.76210322e-03
 1.52000000e+00 1.07851627e-02
 1.53600000e+00 1.72398016e-02
 1.55200000e+00 2.27068420e-02
 1.56800000e+00 2.68511062e-02
 1.58400000e+00 2.94332643e-02
 1.60000000e+00 3.03169024e-02
 1.61600000e+00 2.94705466e-02
 1.63200000e+00 2.69646260e-02
 1.64800000e+00 2.29636023e-02
 1.66400000e+00 1.77137251e-02
 1.68000000e+00 1.15270802e-02
 1.69600000e+00 4.76277466e-03
 1.71200000e+00 2.19377048e-03
 1.72800000e+00 8.95236252e-03
 1.74400000e+00 1.51393290e-02
 1.76000000e+00 2.04174970e-02
 1.77600000e+00 2.45038755e-02
 1.79200000e+00 2.71841779e-02
 1.80800000e+00 2.83234940e-02
 1.82400000e+00 2.78726151e-02
 1.84000000e+00 2.58697452e-02
 1.85600000e+00 2.24375628e-02
 1.87200000e+00 1.77758369e-02
 1.88800000e+00 1.21500242e-02
 1.90400000e+00 5.87647609e-03
 1.92000000e+00 6.94945405e-04
 1.93600000e+00 7.19991802e-03
 1.95200000e+00 1.32793688e-02
 1.96800000e+00 1.85988079e-02
 1.98400000e+00 2.28662758e-02
 2.00000000e+00 2.58479675e-02
