 1.00000000e-02 3.11080938e-02
 2.00000000e-02 1.13987907e-01
 3.00000000e-02 2.31913858e-01
 4.00000000e-02 3.60168718e-01
 5.00000000e-02 4.73512336e-01
 6.00000000e-02 5.52195989e-01
 7.00000000e-02 5.86089837e-01
 8.00000000e-02 5.75933840e-01
 9.00000000e-02 5.31627903e-01
 1.00000000e-01 4.68346383e-01
 1.10000000e-01 4.01814868e-01
 1.20000000e-01 3.44187721e-01
 1.30000000e-01 3.01651979e-01
 1.40000000e-01 2.74257586e-01
 1.50000000e-01 2.57619954e-01
 1.60000000e-01 2.45471984e-01
 1.70000000e-01 2.32076828e-01
 1.80000000e-01 2.13897167e-01
 1.90000000e-01 1.90202374e-01
 2.00000000e-01 1.62624493e-01
 2.10000000e-01 1.34030575e-01
 2.20000000e-01 1.07257130e-01
 2.30000000e-01 8.41898690e-02
 2.40000000e-01 6.54403004e-02
 2.50000000e-01 5.05819509e-02
 2.60000000e-01 3.86852555e-02
 2.70000000e-01 2.88400008e-02
 2.80000000e-01 2.04712496e-02
 2.90000000e-01 1.34048440e-02
 3.00000000e-01 7.73785992e-03
 3.10000000e-01 3.62618583e-03
 3.20000000e-01 1.11168786e-03
 3.30000000e-01 6.43802067e-05
 3.40000000e-01 2.37350391e-04
 3.50000000e-01 1.37102826e-03
 3.60000000e-01 3.27122559e-03
 3.70000000e-01 5.82030337e-03
 3.80000000e-01 8.92956801e-03
 3.90000000e-01 1.24709398e-02
 4.00000000e-01 1.62317944e-02
 4.10000000e-01 1.99243731e-02
 4.20000000e-01 2.32516161e-02
 4.30000000e-01 2.59963228e-02
 4.40000000e-01 2.80832015e-02
 4.50000000e-01 2.95775244e-02
 4.60000000e-01 3.06220947e-02
 4.70000000e-01 3.13501772e-02
 4.80000000e-01 3.18194191e-02
 4.90000000e-01 3.19899711e-02
 5.00000000e-01 3.17460317e-02
 5.10000000e-01 3.09499891e-02
 5.20000000e-01 2.95108013e-02
 5.30000000e-01 2.74378739e-02
 5.40000000e-01 2.48530530e-02
 5.50000000e-01 2.19542329e-02
 5.60000000e-01 1.89514735e-02
 5.70000000e-01 1.60104854e-02
 5.80000000e-01 1.32291118e-02
 5.90000000e-01 1.06483118e-02
 6.00000000e-01 8.28053084e-03
 6.10000000e-01 6.13716898e-03
 6.20000000e-01 4.24524612e-03
 6.30000000e-01 2.64965041e-03
 6.40000000e-01 1.40180899e-03
 6.50000000e-01 5.41800529e-04
 6.60000000e-01 8.49850402e-05
 6.70000000e-01 2.06947304e-05
 6.80000000e-01 3.21363083e-04
 6.90000000e-01 9.53672431e-04
 7.00000000e-01 1.88422357e-03
 7.10000000e-01 3.07801196e-03
 7.20000000e-01 4.49230194e-03
 7.30000000e-01 6.06991848e-03
 7.40000000e-01 7.73687661e-03
 7.50000000e-01 9.40872765e-03
 7.60000000e-01 1.10050999e-02
 7.70000000e-01 1.24648246e-02
 7.80000000e-01 1.37518289e-02
 7.90000000e-01 1.48484145e-02
 8.00000000e-01 1.57423510e-02
 8.10000000e-01 1.64175147e-02
 8.20000000e-01 1.68518883e-02
 8.30000000e-01 1.70200812e-02
 8.40000000e-01 1.68978442e-02
 8.50000000e-01 1.64695431e-02
 8.60000000e-01 1.57382139e-02
 8.70000000e-01 1.47325082e-02
 8.80000000e-01 1.35039093e-02
 8.90000000e-01 1.21144875e-02
 9.00000000e-01 1.06235221e-02
 9.10000000e-01 9.08167645e-03
 9.20000000e-01 7.53365087e-03
 9.30000000e-01 6.02320291e-03
 9.40000000e-01 4.59513633e-03
 9.50000000e-01 3.29415444e-03
 9.60000000e-01 2.16295893e-03
 9.70000000e-01 1.24031911e-03
 9.80000000e-01 5.58496600e-04
 9.90000000e-01 1.40660515e-04
