 -2.00000000e+00 1.05145673e-02
 -1.98400000e+00 1.05145673e-02
 -1.96800000e+00 1.02513197e-02
 -1.95200000e+00 9.72988592e-03
 -1.93600000e+00 8.96032678e-03
 -1.92000000e+00 7.95757833e-03
 -1.90400000e+00 6.74126589e-03
 -1.88800000e+00 5.33545619e-03
 -1.87200000e+00 3.76834803e-03
 -1.85600000e+00 2.07190218e-03
 -1.84000000e+00 2.81411095e-04
 -1.82400000e+00 1.56498987e-03
 -1.80800000e+00 3.42686814e-03
 -1.79200000e+00 5.26209369e-03
 -1.77600000e+00 7.02748979e-03
 -1.76000000e+00 8.67953034e-03
 -1.74400000e+00 1.01750787e-02
 -1.72800000e+00 1.14721617e-02
 -1.71200000e+00 1.25307719e-02
 -1.69600000e+00 1.33136888e-02
 -1.68000000e+00 1.37873107e-02
 -1.66400000e+00 1.39224858e-02
 -1.64800000e+00 1.36953313e-02
 -1.63200000e+00 1.30880283e-02
 -1.61600000e+00 1.20895788e-02
 -1.60000000e+00 1.06965120e-02
 -1.58400000e+00 8.91352591e-03
 -1.56800000e+00 6.75404912e-03
 -1.55200000e+00 4.24071058e-03
 -1.53600000e+00 1.40570291e-03
 -1.52000000e+00 1.70897296e-03
 -1.50400000e+00 5.05139315e-03
 -1.48800000e+00 8.55973660e-03
 -1.47200000e+00 1.21624593e-02
 -1.45600000e+00 1.57786239e-02
 -1.44000000e+00 1.93183884e-02
 -1.42400000e+00 2.26836563e-02
 -1.40800000e+00 2.57688867e-02
 -1.39200000e+00 2.84620619e-02
 -1.37600000e+00 3.06458043e-02
 -1.36000000e+00 3.21986348e-02
 -1.34400000e+00 3.29963597e-02
 -1.32800000e+00 3.29135707e-02
 -1.31200000e+00 3.18252407e-02
 -1.29600000e+00 2.96083947e-02
 -1.28000000e+00 2.61438328e-02
 -1.26400000e+00 2.13178824e-02
 -1.24800000e+00 1.50241506e-02
 -1.23200000e+00 7.16525230e-03
 -1.21600000e+00 2.34551540e-03
 -1.20000000e+00 1.35825811e-02
 -1.18400000e+00 2.66066163e-02
 -1.16800000e+00 4.14631899e-02
 -1.15200000e+00 5.81815851e-02
 -1.13600000e+00 7.67738045e-02
 -1.12000000e+00 9.72337823e-02
 -1.10400000e+00 1.19536825e-01
 -1.08800000e+00 1.43639298e-01
 -1.07200000e+00 1.69478559e-01
 -1.05600000e+00 1.96973170e-01
 -1.04000000e+00 2.26023361e-01
 -1.02400000e+00 2.56511771e-01
 -1.00800000e+00 2.88304448e-01
 -9.92000000e-01 3.21252102e-01
 -9.76000000e-01 3.55191598e-01
 -9.60000000e-01 3.89947666e-01
 -9.44000000e-01 4.25334815e-01
 -9.28000000e-01 4.61159414e-01
 -9.12000000e-01 4.97221918e-01
 -8.96000000e-01 5.33319206e-01
 -8.80000000e-01 5.69246990e-01
 -8.64000000e-01 6.04802268e-01
 -8.48000000e-01 6.39785774e-01
 -8.32000000e-01 6.74004394e-01
 -8.16000000e-01 7.07273505e-01
 -8.00000000e-01 7.39419200e-01
 -7.84000000e-01 7.70280369e-01
 -7.68000000e-01 7.99710592e-01
 -7.52000000e-01 8.27579826e-01
 -7.36000000e-01 8.53775845e-01
 -7.20000000e-01 8.78205423e-01
 -7.04000000e-01 9.00795228e-01
 -6.88000000e-01 9.21492425e-01
 -6.72000000e-01 9.40264970e-01
 -6.56000000e-01 9.57101594e-01
 -6.40000000e-01 9.72011480e-01
 -6.24000000e-01 9.85023638e-01
 -6.08000000e-01 9.96185991e-01
 -5.92000000e-01 1.00556419e+00
 -5.76000000e-01 1.01324017e+00
 -5.60000000e-01 1.01931050e+00
 -5.44000000e-01 1.02388452e+00
 -5.28000000e-01 1.02708235e+00
 -5.12000000e-01 1.02903272e+00
 -4.96000000e-01 1.02987076e+00
 -4.80000000e-01 1.02973576e+00
 -4.64000000e-01 1.02876886e+00
 -4.48000000e-01 1.02711082e+00
 -4.32000000e-01 1.02489990e+00
 -4.16000000e-01 1.02226975e+00
 -4.00000000e-01 1.01934753e+00
 -3.84000000e-01 1.01625222e+00
 -3.68000000e-01 1.01309302e+00
 -3.52000000e-01 1.00996815e+00
 -3.36000000e-01 1.00696377e+00
 -3.20000000e-01 1.00415319e+00
 -3.04000000e-01 1.00159642e+00
 -2.88000000e-01 9.99339914e-01
 -2.72000000e-01 9.97416635e-01
 -2.56000000e-01 9.95846376e-01
 -2.40000000e-01 9.94636344e-01
 -2.24000000e-01 9.93781970e-01
 -2.08000000e-01 9.93267949e-01
 -1.92000000e-01 9.93069455e-01
 -1.76000000e-01 9.93153528e-01
 -1.60000000e-01 9.93480581e-01
 -1.44000000e-01 9.94006001e-01
 -1.28000000e-01 9.94681800e-01
 -1.12000000e-01 9.95458293e-01
 -9.60000000e-02 9.96285746e-01
 -8.00000000e-02 9.97115970e-01
 -6.40000000e-02 9.97903823e-01
 -4.80000000e-02 9.98608582e-01
 -3.20000000e-02 9.99195170e-01
 -1.60000000e-02 9.99635181e-01
 0.00000000e+00 9.99907720e-01
 1.60000000e-02 1.00000000e+00
 3.20000000e-02 9.99907720e-01
 4.80000000e-02 9.99635181e-01
 6.40000000e-02 9.99195170e-01
 8.00000000e-02 9.98608582e-01
 9.60000000e-02 9.97903823e-01
 1.12000000e-01 9.97115970e-01
 1.28000000e-01 9.96285746e-01
 1.44000000e-01 9.95458293e-01
 1.60000000e-01 9.94681800e-01
 1.76000000e-01 9.94006001e-01
 1.92000000e-01 9.93480581e-01
 2.08000000e-01 9.93153528e-01
 2.24000000e-01 9.93069455e-01
 2.40000000e-01 9.93267949e-01
 2.56000000e-01 9.93781970e-01
 2.72000000e-01 9.94636344e-01
 2.88000000e-01 9.95846376e-01
 3.04000000e-01 9.97416635e-01
 3.20000000e-01 9.99339914e-01
 3.36000000e-01 1.00159642e+00
 3.52000000e-01 1.00415319e+00
 3.68000000e-01 1.00696377e+00
 3.84000000e-01 1.00996815e+00
 4.00000000e-01 1.01309302e+00
 4.16000000e-01 1.01625222e+00
 4.32000000e-01 1.01934753e+00
 4.48000000e-01 1.02226975e+00
 4.64000000e-01 1.02489990e+00
 4.80000000e-01 1.02711082e+00
 4.96000000e-01 1.02876886e+00
 5.12000000e-01 1.02973576e+00
 5.28000000e-01 1.02987076e+00
 5.44000000e-01 1.02903272e+00
 5.60000000e-01 1.02708235e+00
 5.76000000e-01 1.02388452e+00
 5.92000000e-01 1.01931050e+00
 6.08000000e-01 1.01324017e+00
 6.24000000e-01 1.00556419e+00
 6.40000000e-01 9.96185991e-01
 6.56000000e-01 9.85023638e-01
 6.72000000e-01 9.72011480e-01
 6.88000000e-01 9.57101594e-01
 7.04000000e-01 9.40264970e-01
 7.20000000e-01 9.21492425e-01
 7.36000000e-01 9.00795228e-01
 7.52000000e-01 8.78205423e-01
 7.68000000e-01 8.53775845e-01
 7.84000000e-01 8.27579826e-01
 8.00000000e-01 7.99710592e-01
 8.16000000e-01 7.70280369e-01
 8.32000000e-01 7.39419200e-01
 8.48000000e-01 7.07273505e-01
 8.64000000e-01 6.74004394e-01
 8.80000000e-01 6.39785774e-01
 8.96000000e-01 6.04802268e-01
 9.12000000e-01 5.69246990e-01
 9.28000000e-01 5.33319206e-01
 9.44000000e-01 4.97221918e-01
 9.60000000e-01 4.61159414e-01
 9.76000000e-01 4.25334815e-01
 9.92000000e-01 3.89947666e-01
 1.00800000e+00 3.55191598e-01
 1.02400000e+00 3.21252102e-01
 1.04000000e+00 2.88304448e-01
 1.05600000e+00 2.56511771e-01
 1.07200000e+00 2.26023361e-01
 1.08800000e+00 1.96973170e-01
 1.10400000e+00 1.69478559e-01
 1.12000000e+00 1.43639298e-01
 1.13600000e+00 1.19536825e-01
 1.15200000e+00 9.72337823e-02
 1.16800000e+00 7.67738045e-02
 1.18400000e+00 5.81815851e-02
 1.20000000e+00 4.14631899e-02
 1.21600000e+00 2.66066163e-02
 1.23200000e+00 1.35825811e-02
 1.24800000e+00 2.34551540e-03
 1.26400000e+00 7.16525230e-03
 1.28000000e+00 1.50241506e-02
 1.29600000e+00 2.13178824e-02
 1.31200000e+00 2.61438328e-02
 1.32800000e+00 2.96083947e-02
 1.34400000e+00 3.18252407e-02
 1.36000000e+00 3.29135707e-02
 1.37600000e+00 3.29963597e-02
 1.39200000e+00 3.21986348e-02
 1.40800000e+00 3.06458043e-02
 1.42400000e+00 2.84620619e-02
 1.44000000e+00 2.57688867e-02
 1.45600000e+00 2.26836563e-02
 1.47200000e+00 1.93183884e-02
 1.48800000e+00 1.57786239e-02
 1.50400000e+00 1.21624593e-02
 1.52000000e+00 8.55973660e-03
 1.53600000e+00 5.05139315e-03
 1.55200000e+00 1.70897296e-03
 1.56800000e+00 1.40570291e-03
 1.58400000e+00 4.24071058e-03
 1.60000000e+00 6.75404912e-03
 1.61600000e+00 8.91352591e-03
 1.63200000e+00 1.06965120e-02
 1.64800000e+00 1.20895788e-02
 1.66400000e+00 1.30880283e-02
 1.68000000e+00 1.36953313e-02
 1.69600000e+00 1.39224858e-02
 1.71200000e+00 1.37873107e-02
 1.72800000e+00 1.33136888e-02
 1.74400000e+00 1.25307719e-02
 1.76000000e+00 1.14721617e-02
 1.77600000e+00 1.01750787e-02
 1.79200000e+00 8.67953034e-03
 1.80800000e+00 7.02748979e-03
 1.82400000e+00 5.26209369e-03
 1.84000000e+00 3.42686814e-03
 1.85600000e+00 1.56498987e-03
 1.87200000e+00 2.81411095e-04
 1.88800000e+00 2.07190218e-03
 1.90400000e+00 3.76834803e-03
 1.92000000e+00 5.33545619e-03
 1.93600000e+00 6.74126589e-03
 1.95200000e+00 7.95757833e-03
 1.96800000e+00 8.96032678e-03
 1.98400000e+00 9.72988592e-03
 2.00000000e+00 1.02513197e-02
