 1.00000000e-02 9.97124631e-01
 2.00000000e-02 9.88537613e-01
 3.00000000e-02 9.74355521e-01
 4.00000000e-02 9.54770331e-01
 5.00000000e-02 9.30046006e-01
 6.00000000e-02 9.00513804e-01
 7.00000000e-02 8.66566419e-01
 8.00000000e-02 8.28651055e-01
 9.00000000e-02 7.87261599e-01
 1.00000000e-01 7.42930017e-01
 1.10000000e-01 6.96217179e-01
 1.20000000e-01 6.47703270e-01
 1.30000000e-01 5.97977987e-01
 1.40000000e-01 5.47630722e-01
 1.50000000e-01 4.97240903e-01
 1.60000000e-01 4.47368698e-01
 1.70000000e-01 3.98546247e-01
 1.80000000e-01 3.51269589e-01
 1.90000000e-01 3.05991431e-01
 2.00000000e-01 2.63114888e-01
 2.10000000e-01 2.22988291e-01
 2.20000000e-01 1.85901165e-01
 2.30000000e-01 1.52081406e-01
 2.40000000e-01 1.21693714e-01
 2.50000000e-01 9.48392656e-02
 2.60000000e-01 7.15566149e-02
 2.70000000e-01 5.18237693e-02
 2.80000000e-01 3.55613713e-02
 2.90000000e-01 2.26368899e-02
 3.00000000e-01 1.28697081e-02
 3.10000000e-01 6.03697794e-03
 3.20000000e-01 1.88009553e-03
 3.30000000e-01 1.11645057e-04
 3.40000000e-01 4.22648582e-04
 3.50000000e-01 2.48995890e-03
 3.60000000e-01 5.98363226e-03
 3.70000000e-01 1.05741227e-02
 3.80000000e-01 1.59391473e-02
 3.90000000e-01 2.17700844e-02
 4.00000000e-01 2.77777778e-02
 4.10000000e-01 3.36976413e-02
 4.20000000e-01 3.92939725e-02
 4.30000000e-01 4.43634078e-02
 4.40000000e-01 4.87374719e-02
 4.50000000e-01 5.22841962e-02
 4.60000000e-01 5.49088043e-02
 4.70000000e-01 5.65534843e-02
 4.80000000e-01 5.71962870e-02
 4.90000000e-01 5.68492116e-02
 5.00000000e-01 5.55555556e-02
 5.10000000e-01 5.33866205e-02
 5.20000000e-01 5.04378816e-02
 5.30000000e-01 4.68247345e-02
 5.40000000e-01 4.26779419e-02
 5.50000000e-01 3.81389065e-02
 5.60000000e-01 3.33548961e-02
 5.70000000e-01 2.84743444e-02
 5.80000000e-01 2.36423464e-02
 5.90000000e-01 1.89964566e-02
 6.00000000e-01 1.46628901e-02
 6.10000000e-01 1.07532110e-02
 6.20000000e-01 7.36157817e-03
 6.30000000e-01 4.56260371e-03
 6.40000000e-01 2.40985795e-03
 6.50000000e-01 9.35041332e-04
 6.60000000e-01 1.47822191e-04
 6.70000000e-01 3.63231245e-05
 6.80000000e-01 5.68221606e-04
 6.90000000e-01 1.69241477e-03
 7.00000000e-01 3.34118451e-03
 7.10000000e-01 5.43278695e-03
 7.20000000e-01 7.87438087e-03
 7.30000000e-01 1.05652022e-02
 7.40000000e-01 1.33998872e-02
 7.50000000e-01 1.62718455e-02
 7.60000000e-01 1.90765834e-02
 7.70000000e-01 2.17148845e-02
 7.80000000e-01 2.40957562e-02
 7.90000000e-01 2.61390633e-02
 8.00000000e-01 2.77777778e-02
 8.10000000e-01 2.89597861e-02
 8.20000000e-01 2.96492098e-02
 8.30000000e-01 2.98272096e-02
 8.40000000e-01 2.94922574e-02
 8.50000000e-01 2.86598770e-02
 8.60000000e-01 2.73618699e-02
 8.70000000e-01 2.56450553e-02
 8.80000000e-01 2.35695688e-02
 8.90000000e-01 2.12067763e-02
 9.00000000e-01 1.86368682e-02
 9.10000000e-01 1.59462109e-02
 9.20000000e-01 1.32245349e-02
 9.30000000e-01 1.05620468e-02
 9.40000000e-01 8.04655089e-03
 9.50000000e-01 5.76066651e-03
 9.60000000e-01 3.77922478e-03
 9.70000000e-01 2.16692058e-03
 9.80000000e-01 9.76289827e-04
 9.90000000e-01 2.46071117e-04
