 0.00000000e+00 -9.33789474e-02
 2.00200200e-03 -4.85052345e-01
 4.00400400e-03 -4.55522470e-01
 6.00600601e-03 -2.22220064e-01
 8.00800801e-03 -2.55626346e-01
 1.00100100e-02 -2.40071489e-01
 1.20120120e-02 -3.33381126e-01
 1.40140140e-02 -4.46766865e-01
 1.60160160e-02 -4.45648285e-01
 1.80180180e-02 -2.00559641e-01
 2.00200200e-02 -1.29315337e-01
 2.20220220e-02 -1.78400842e-01
 2.40240240e-02 -4.55344058e-01
 2.60260260e-02 -4.67779437e-01
 2.80280280e-02 -4.39936772e-01
 3.00300300e-02 -4.55362989e-01
 3.20320320e-02 -1.33590296e-01
 3.40340340e-02 -2.17701236e-01
 3.60360360e-02 -4.67200429e-01
 3.80380380e-02 -3.86156356e-01
 4.00400400e-02 -2.57343992e-01
 4.20420420e-02 -1.37106253e-01
 4.40440440e-02 -2.25816262e-01
 4.60460460e-02 -9.41283250e-02
 4.80480480e-02 -1.32200082e-01
 5.00500501e-02 -1.46532889e-01
 5.20520521e-02 -1.48836820e-01
 5.40540541e-02 -1.22139047e-01
 5.60560561e-02 -1.41786567e-01
 5.80580581e-02 -1.49768995e-01
 6.00600601e-02 -7.92455130e-02
 6.20620621e-02 -1.26391127e-01
 6.40640641e-02 -1.43757825e-01
 6.60660661e-02 -1.32020183e-01
 6.80680681e-02 -1.34563790e-01
 7.00700701e-02 -1.35416916e-01
 7.20720721e-02 -1.57722505e-01
 7.40740741e-02 -1.14404279e-01
 7.60760761e-02 -7.99341820e-02
 7.80780781e-02 -1.57610945e-01
 8.00800801e-02 -2.09998057e-01
 8.20820821e-02 -8.72398013e-02
 8.40840841e-02 -6.29998179e-02
 8.60860861e-02 4.46243856e-02
 8.80880881e-02 4.75184839e-02
 9.00900901e-02 -2.81789120e-02
 9.20920921e-02 -8.90786991e-02
 9.40940941e-02 -6.89465703e-02
 9.60960961e-02 -1.42317805e-01
 9.80980981e-02 -7.53216513e-02
 1.00100100e-01 -7.98982242e-02
 1.02102102e-01 -7.70992094e-02
 1.04104104e-01 -8.15250198e-02
 1.06106106e-01 -4.33241371e-02
 1.08108108e-01 -1.09598484e-01
 1.10110110e-01 -2.98885082e-01
 1.12112112e-01 -3.55814570e-01
 1.14114114e-01 -4.68885803e-01
 1.16116116e-01 -4.19804964e-01
 1.18118118e-01 -4.58431286e-01
 1.20120120e-01 -4.63869348e-01
 1.22122122e-01 -4.57743618e-01
 1.24124124e-01 -4.76715188e-01
 1.26126126e-01 -4.98767340e-01
 1.28128128e-01 -4.69291973e-01
 1.30130130e-01 -4.89104882e-01
 1.32132132e-01 -4.75447048e-01
 1.34134134e-01 -4.64705129e-01
 1.36136136e-01 -4.54945334e-01
 1.38138138e-01 -4.60863423e-01
 1.40140140e-01 -4.77413566e-01
 1.42142142e-01 -4.61653758e-01
 1.44144144e-01 -4.68993528e-01
 1.46146146e-01 -4.65487817e-01
 1.48148148e-01 -4.22045401e-01
 1.50150150e-01 -4.56229510e-01
 1.52152152e-01 -4.60546205e-01
 1.54154154e-01 -4.64401741e-01
 1.56156156e-01 -4.45417746e-01
 1.58158158e-01 -4.57239376e-01
 1.60160160e-01 -4.32663813e-01
 1.62162162e-01 -4.39984329e-01
 1.64164164e-01 -4.76280701e-01
 1.66166166e-01 -4.62623518e-01
 1.68168168e-01 -2.68186305e-01
 1.70170170e-01 -3.53026577e-01
 1.72172172e-01 -2.03870123e-01
 1.74174174e-01 -1.87309713e-01
 1.76176176e-01 -1.73095650e-01
 1.78178178e-01 -2.95452081e-01
 1.80180180e-01 -2.85722548e-01
 1.82182182e-01 -4.59592211e-01
 1.84184184e-01 -4.50647545e-01
 1.86186186e-01 -2.26613806e-01
 1.88188188e-01 -4.62624898e-01
 1.90190190e-01 -2.73262519e-01
 1.92192192e-01 -1.31013433e-01
 1.94194194e-01 -2.46761329e-01
 1.96196196e-01 -1.75344850e-01
 1.98198198e-01 -1.03906309e-01
 2.00200200e-01 -1.05806051e-01
 2.02202202e-01 -1.53126081e-01
 2.04204204e-01 -1.77448692e-01
 2.06206206e-01 -1.30069606e-01
 2.08208208e-01 -1.35052159e-01
 2.10210210e-01 -6.97056036e-02
 2.12212212e-01 -3.75886880e-02
 2.14214214e-01 1.92075004e-02
 2.16216216e-01 -2.37938744e-03
 2.18218218e-01 -7.33095680e-02
 2.20220220e-01 -8.03702165e-02
 2.22222222e-01 -6.40584379e-02
 2.24224224e-01 -7.24158347e-02
 2.26226226e-01 -4.95536478e-02
 2.28228228e-01 -7.76492033e-02
 2.30230230e-01 -8.24097265e-02
 2.32232232e-01 -1.02081309e-01
 2.34234234e-01 -1.33172894e-01
 2.36236236e-01 -1.34098601e-01
 2.38238238e-01 -4.59282561e-01
 2.40240240e-01 -4.01554581e-01
 2.42242242e-01 -6.33848986e-02
 2.44244244e-01 -8.37614023e-02
 2.46246246e-01 -1.02674920e-01
 2.48248248e-01 -9.41320829e-02
 2.50250250e-01 -2.49673545e-01
 2.52252252e-01 -8.07066855e-02
 2.54254254e-01 -4.61788115e-01
 2.56256256e-01 -4.16991347e-01
 2.58258258e-01 -4.59029926e-01
 2.60260260e-01 -4.49638364e-01
 2.62262262e-01 -2.01697214e-01
 2.64264264e-01 -1.17717660e-01
 2.66266266e-01 -4.58667238e-01
 2.68268268e-01 -4.60136425e-01
 2.70270270e-01 -4.44435507e-01
 2.72272272e-01 -1.41051943e-01
 2.74274274e-01 -7.02223901e-02
 2.76276276e-01 -1.84949950e-01
 2.78278278e-01 -8.03873867e-02
 2.80280280e-01 -7.66631499e-02
 2.82282282e-01 -7.07472470e-02
 2.84284284e-01 -6.25381606e-02
 2.86286286e-01 -7.70574150e-02
 2.88288288e-01 -6.48166077e-02
 2.90290290e-01 -8.41076414e-02
 2.92292292e-01 -1.51034673e-01
 2.94294294e-01 -1.17610665e-01
 2.96296296e-01 -1.39319628e-01
 2.98298298e-01 -1.61392861e-01
 3.00300300e-01 -1.24965336e-01
 3.02302302e-01 -1.66956594e-01
 3.04304304e-01 -1.58252809e-01
 3.06306306e-01 -1.14084056e-01
 3.08308308e-01 -1.69723140e-01
 3.10310310e-01 -1.27398770e-01
 3.12312312e-01 -8.02181786e-02
 3.14314314e-01 -8.14135295e-02
 3.16316316e-01 -6.07113756e-02
 3.18318318e-01 -1.22161485e-01
 3.20320320e-01 -5.28720207e-02
 3.22322322e-01 -9.05993779e-02
 3.24324324e-01 -8.63539344e-02
 3.26326326e-01 -1.35476773e-01
 3.28328328e-01 -7.72628542e-02
 3.30330330e-01 -7.57865880e-02
 3.32332332e-01 -9.70306558e-02
 3.34334334e-01 -9.86284302e-02
 3.36336336e-01 -5.46272036e-02
 3.38338338e-01 -7.08666775e-02
 3.40340340e-01 -6.28775606e-02
 3.42342342e-01 3.64529032e-02
 3.44344344e-01 1.89524991e-02
 3.46346346e-01 -1.67490969e-02
 3.48348348e-01 -7.43438911e-02
 3.50350350e-01 -7.57091454e-02
 3.52352352e-01 -6.28411343e-02
 3.54354354e-01 -2.03777436e-01
 3.56356356e-01 -1.24088135e-01
 3.58358358e-01 -1.20663860e-01
 3.60360360e-01 -1.20103913e-01
 3.62362362e-01 -1.21926297e-01
 3.64364364e-01 -4.63355148e-01
 3.66366366e-01 -4.54056765e-01
 3.68368368e-01 -4.71034950e-01
 3.70370370e-01 -4.42381719e-01
 3.72372372e-01 -9.25134920e-02
 3.74374374e-01 -9.02570581e-02
 3.76376376e-01 -1.83245204e-01
 3.78378378e-01 -4.12068859e-01
 3.80380380e-01 -4.58360046e-01
 3.82382382e-01 -2.38879378e-01
 3.84384384e-01 -3.91626955e-01
 3.86386386e-01 -2.02831188e-01
 3.88388388e-01 -4.71509822e-01
 3.90390390e-01 -1.35863293e-01
 3.92392392e-01 -1.15345206e-01
 3.94394394e-01 -1.28817173e-01
 3.96396396e-01 -3.66650366e-01
 3.98398398e-01 -5.80940622e-02
 4.00400400e-01 -6.05960941e-02
 4.02402402e-01 -9.88911075e-02
 4.04404404e-01 -8.66243826e-02
 4.06406406e-01 -4.23558924e-02
 4.08408408e-01 -3.74417066e-02
 4.10410410e-01 -5.92582211e-02
 4.12412412e-01 -2.51354409e-02
 4.14414414e-01 2.48313375e-02
 4.16416416e-01 -5.64028305e-02
 4.18418418e-01 -6.84822667e-02
 4.20420420e-01 -1.08855417e-01
 4.22422422e-01 -1.02870091e-01
 4.24424424e-01 -1.41317333e-01
 4.26426426e-01 -1.25680126e-01
 4.28428428e-01 -9.04498960e-02
 4.30430430e-01 -1.34448969e-01
 4.32432432e-01 -1.15323747e-01
 4.34434434e-01 -9.53095783e-02
 4.36436436e-01 -1.21721035e-01
 4.38438438e-01 -1.53861511e-01
 4.40440440e-01 -1.09479431e-01
 4.42442442e-01 -8.66732077e-02
 4.44444444e-01 -1.16581221e-01
 4.46446446e-01 -8.59979369e-02
 4.48448448e-01 -1.30940455e-01
 4.50450450e-01 -1.20541505e-01
 4.52452452e-01 -6.26273783e-02
 4.54454454e-01 -3.20793617e-02
 4.56456456e-01 -1.15667630e-01
 4.58458458e-01 -1.03901687e-01
 4.60460460e-01 -1.00986707e-01
 4.62462462e-01 -4.91719792e-02
 4.64464464e-01 -5.55033050e-02
 4.66466466e-01 -4.55388232e-02
 4.68468468e-01 -4.83506957e-02
 4.70470470e-01 -2.24635023e-02
 4.72472472e-01 4.44709855e-02
 4.74474474e-01 -2.91626841e-02
 4.76476476e-01 -7.39697239e-02
 4.78478478e-01 -4.87693137e-02
 4.80480480e-01 -4.15299493e-02
 4.82482482e-01 -3.20886004e-02
 4.84484484e-01 -9.46598754e-02
 4.86486486e-01 -5.79264252e-02
 4.88488488e-01 -8.00239414e-02
 4.90490490e-01 -9.42692173e-02
 4.92492492e-01 -1.24692168e-01
 4.94494494e-01 -1.47660707e-01
 4.96496496e-01 -1.94498384e-01
 4.98498498e-01 -1.79264783e-01
 5.00500501e-01 -9.00013656e-02
 5.02502503e-01 -1.20897030e-01
 5.04504505e-01 -9.01120790e-02
 5.06506507e-01 -2.06159403e-01
 5.08508509e-01 -1.84804094e-01
 5.10510511e-01 -1.87197567e-01
 5.12512513e-01 -2.42267350e-01
 5.14514515e-01 -2.36340349e-01
 5.16516517e-01 -3.50527554e-01
 5.18518519e-01 -1.92710533e-01
 5.20520521e-01 -1.16879518e-01
 5.22522523e-01 -1.99601562e-01
 5.24524525e-01 -3.11577240e-01
 5.26526527e-01 -1.15596763e-01
 5.28528529e-01 -6.01432611e-02
 5.30530531e-01 -8.21316053e-02
 5.32532533e-01 -4.54141508e-02
 5.34534535e-01 -1.29944043e-02
 5.36536537e-01 -7.89413428e-02
 5.38538539e-01 -1.70442262e-02
 5.40540541e-01 -8.28210060e-03
 5.42542543e-01 -1.01388122e-02
 5.44544545e-01 -6.60337513e-02
 5.46546547e-01 -5.06886101e-02
 5.48548549e-01 -1.31927828e-01
 5.50550551e-01 -1.17724708e-01
 5.52552553e-01 -2.00812530e-01
 5.54554555e-01 -2.03645493e-01
 5.56556557e-01 -2.09559432e-01
 5.58558559e-01 -1.95884447e-01
 5.60560561e-01 -2.13459665e-01
 5.62562563e-01 -1.78162352e-01
 5.64564565e-01 -2.03526807e-01
 5.66566567e-01 -1.63183444e-01
 5.68568569e-01 -1.70242139e-01
 5.70570571e-01 -1.79985341e-01
 5.72572573e-01 -1.73645499e-01
 5.74574575e-01 -1.27818790e-01
 5.76576577e-01 -1.50529315e-01
 5.78578579e-01 -1.24725620e-01
 5.80580581e-01 -1.45386079e-01
 5.82582583e-01 -1.44981146e-01
 5.84584585e-01 -1.75773995e-01
 5.86586587e-01 -1.76626903e-01
 5.88588589e-01 -1.66767842e-01
 5.90590591e-01 -1.67122432e-01
 5.92592593e-01 -1.62640859e-01
 5.94594595e-01 -8.82183408e-02
 5.96596597e-01 -2.39158045e-02
 5.98598599e-01 5.27135055e-04
 6.00600601e-01 -7.43341023e-02
 6.02602603e-01 -3.70685357e-02
 6.04604605e-01 -7.73612077e-02
 6.06606607e-01 -6.43960297e-02
 6.08608609e-01 -8.10077526e-02
 6.10610611e-01 -6.89779497e-02
 6.12612613e-01 -9.55947635e-02
 6.14614615e-01 -8.28802313e-02
 6.16616617e-01 -9.81782456e-02
 6.18618619e-01 -4.48787609e-01
 6.20620621e-01 -3.67826664e-01
 6.22622623e-01 -4.55343344e-01
 6.24624625e-01 -4.74766042e-01
 6.26626627e-01 -4.67439154e-01
 6.28628629e-01 -4.56702920e-01
 6.30630631e-01 -4.24754572e-01
 6.32632633e-01 -4.06527222e-01
 6.34634635e-01 -4.49162960e-01
 6.36636637e-01 -4.83583748e-01
 6.38638639e-01 -5.00000000e-01
 6.40640641e-01 -4.72541098e-01
 6.42642643e-01 -4.93982213e-01
 6.44644645e-01 -4.79860530e-01
 6.46646647e-01 -4.55225769e-01
 6.48648649e-01 -4.82550447e-01
 6.50650651e-01 -4.56531983e-01
 6.52652653e-01 -4.57166817e-01
 6.54654655e-01 -4.74694077e-01
 6.56656657e-01 -2.67309303e-01
 6.58658659e-01 -9.96991309e-02
 6.60660661e-01 -4.65791527e-01
 6.62662663e-01 -4.53331634e-01
 6.64664665e-01 -2.23649027e-01
 6.66666667e-01 -1.64215670e-01
 6.68668669e-01 -4.57342002e-01
 6.70670671e-01 -4.29141600e-01
 6.72672673e-01 -4.73635051e-01
 6.74674675e-01 -4.72574796e-01
 6.76676677e-01 -4.35094614e-01
 6.78678679e-01 -4.69861819e-01
 6.80680681e-01 -4.74623639e-01
 6.82682683e-01 -4.48734905e-01
 6.84684685e-01 -4.68179923e-01
 6.86686687e-01 -4.65177947e-01
 6.88688689e-01 -4.69891695e-01
 6.90690691e-01 -4.59121499e-01
 6.92692693e-01 -4.55132782e-01
 6.94694695e-01 -4.61126081e-01
 6.96696697e-01 -4.45759804e-01
 6.98698699e-01 -4.48907063e-01
 7.00700701e-01 -4.24592381e-01
 7.02702703e-01 -2.40583176e-01
 7.04704705e-01 -3.93590027e-01
 7.06706707e-01 -2.76139222e-01
 7.08708709e-01 -2.63338287e-01
 7.10710711e-01 -1.60600537e-01
 7.12712713e-01 -1.46176572e-01
 7.14714715e-01 -1.04502163e-01
 7.16716717e-01 -9.64368232e-02
 7.18718719e-01 -3.98396260e-02
 7.20720721e-01 -2.10207705e-02
 7.22722723e-01 -6.54797469e-03
 7.24724725e-01 3.20242575e-03
 7.26726727e-01 -6.98894724e-02
 7.28728729e-01 -5.64393573e-02
 7.30730731e-01 -7.05151986e-02
 7.32732733e-01 -7.91773375e-02
 7.34734735e-01 -8.37177591e-02
 7.36736737e-01 -7.74694734e-02
 7.38738739e-01 -7.95344645e-02
 7.40740741e-01 -7.86515281e-02
 7.42742743e-01 -8.63307353e-02
 7.44744745e-01 -8.87799295e-02
 7.46746747e-01 -9.94998985e-02
 7.48748749e-01 -1.57897499e-01
 7.50750751e-01 -1.02228421e-01
 7.52752753e-01 -5.84580764e-02
 7.54754755e-01 -5.73223639e-02
 7.56756757e-01 -5.51714104e-02
 7.58758759e-01 -1.67836992e-01
 7.60760761e-01 -1.55678250e-01
 7.62762763e-01 -1.48465258e-01
 7.64764765e-01 -1.70684923e-01
 7.66766767e-01 -1.56374718e-01
 7.68768769e-01 -1.06121253e-01
 7.70770771e-01 -9.96806477e-02
 7.72772773e-01 -1.04827142e-01
 7.74774775e-01 -1.66027666e-01
 7.76776777e-01 -9.12868572e-02
 7.78778779e-01 -1.01787917e-01
 7.80780781e-01 -2.23040097e-01
 7.82782783e-01 -1.19181939e-01
 7.84784785e-01 -3.95737561e-02
 7.86786787e-01 -5.55150979e-02
 7.88788789e-01 -5.60086233e-02
 7.90790791e-01 -6.89862832e-02
 7.92792793e-01 -8.33970528e-02
 7.94794795e-01 -4.38384179e-02
 7.96796797e-01 -6.44002050e-02
 7.98798799e-01 -6.10947025e-02
 8.00800801e-01 -1.02388651e-01
 8.02802803e-01 -7.93482317e-02
 8.04804805e-01 -9.56222653e-02
 8.06806807e-01 -8.27675867e-02
 8.08808809e-01 -5.91691867e-02
 8.10810811e-01 -6.92513943e-02
 8.12812813e-01 -8.33289965e-02
 8.14814815e-01 -4.25750146e-02
 8.16816817e-01 -8.26741531e-02
 8.18818819e-01 -6.28998434e-02
 8.20820821e-01 -3.71708874e-02
 8.22822823e-01 -7.46470882e-02
 8.24824825e-01 -1.58945916e-02
 8.26826827e-01 -5.66051617e-02
 8.28828829e-01 -2.98540481e-02
 8.30830831e-01 -8.69095660e-02
 8.32832833e-01 -4.44785159e-02
 8.34834835e-01 -8.11456987e-02
 8.36836837e-01 -3.60725077e-03
 8.38838839e-01 5.11717793e-03
 8.40840841e-01 -3.40910445e-02
 8.42842843e-01 -3.76438651e-02
 8.44844845e-01 -2.05345769e-02
 8.46846847e-01 1.72650549e-03
 8.48848849e-01 1.27105500e-02
 8.50850851e-01 -6.94278236e-02
 8.52852853e-01 -6.92702933e-02
 8.54854855e-01 -4.86617960e-02
 8.56856857e-01 -4.61298435e-02
 8.58858859e-01 -2.32347960e-02
 8.60860861e-01 -1.52272394e-02
 8.62862863e-01 -7.22959140e-02
 8.64864865e-01 -7.15186412e-02
 8.66866867e-01 -9.65294067e-02
 8.68868869e-01 -4.57472659e-02
 8.70870871e-01 -6.83500375e-02
 8.72872873e-01 -1.13628153e-01
 8.74874875e-01 -1.19664270e-01
 8.76876877e-01 -9.09192508e-02
 8.78878879e-01 -8.44940778e-02
 8.80880881e-01 -1.32408217e-01
 8.82882883e-01 -9.75374052e-02
 8.84884885e-01 -1.05682929e-01
 8.86886887e-01 -9.84935612e-02
 8.88888889e-01 -1.13142640e-01
 8.90890891e-01 -1.03240916e-01
 8.92892893e-01 -9.06616105e-02
 8.94894895e-01 -8.78510228e-02
 8.96896897e-01 -9.52445039e-02
 8.98898899e-01 -1.17264392e-01
 9.00900901e-01 -1.07738663e-01
 9.02902903e-01 -7.55567727e-02
 9.04904905e-01 -9.36293048e-02
 9.06906907e-01 -6.99831512e-02
 9.08908909e-01 -5.93754230e-02
 9.10910911e-01 1.16123999e-02
 9.12912913e-01 -1.70474663e-02
 9.14914915e-01 -2.46456002e-03
 9.16916917e-01 7.40473689e-03
 9.18918919e-01 1.19822515e-02
 9.20920921e-01 3.49713539e-02
 9.22922923e-01 3.23188218e-03
 9.24924925e-01 -8.79845799e-02
 9.26926927e-01 -4.54955645e-02
 9.28928929e-01 -7.89479822e-02
 9.30930931e-01 -3.43520525e-02
 9.32932933e-01 -5.26279251e-02
 9.34934935e-01 -5.49317833e-02
 9.36936937e-01 -4.33176651e-02
 9.38938939e-01 -7.85150538e-02
 9.40940941e-01 -6.41854724e-02
 9.42942943e-01 -5.54308456e-02
 9.44944945e-01 -5.47469784e-02
 9.46946947e-01 -8.04917372e-02
 9.48948949e-01 -6.81374600e-02
 9.50950951e-01 -6.44674208e-02
 9.52952953e-01 -8.05296734e-02
 9.54954955e-01 -6.34390804e-02
 9.56956957e-01 -8.77236586e-02
 9.58958959e-01 7.33576595e-04
 9.60960961e-01 -2.21863457e-02
 9.62962963e-01 -2.75032577e-02
 9.64964965e-01 -4.77910395e-02
 9.66966967e-01 -2.47475772e-03
 9.68968969e-01 -3.14789871e-02
 9.70970971e-01 6.97195860e-02
 9.72972973e-01 2.76219576e-02
 9.74974975e-01 -1.83062426e-02
 9.76976977e-01 -3.30104174e-02
 9.78978979e-01 -8.19612033e-02
 9.80980981e-01 -3.84573258e-02
 9.82982983e-01 -5.78938706e-02
 9.84984985e-01 -8.36134546e-02
 9.86986987e-01 -8.37133554e-02
 9.88988989e-01 -8.86083895e-02
 9.90990991e-01 -9.30456801e-02
 9.92992993e-01 -8.49760472e-02
 9.94994995e-01 -1.24755793e-01
 9.96996997e-01 -1.24081372e-01
 9.98998999e-01 -1.01167954e-01
 1.00100100e+00 -1.39459997e-01
 1.00300300e+00 -1.14865908e-01
 1.00500501e+00 -1.30344555e-01
 1.00700701e+00 -9.91788478e-02
 1.00900901e+00 -1.05751689e-01
 1.01101101e+00 -9.95668728e-02
 1.01301301e+00 -1.37583999e-01
 1.01501502e+00 -9.72553927e-02
 1.01701702e+00 -4.14572899e-02
 1.01901902e+00 -9.80586971e-02
 1.02102102e+00 -9.86355835e-02
 1.02302302e+00 -1.04298837e-01
 1.02502503e+00 -1.04263303e-01
 1.02702703e+00 -6.63316759e-02
 1.02902903e+00 -6.60740631e-02
 1.03103103e+00 -6.16930868e-02
 1.03303303e+00 -5.43291706e-02
 1.03503504e+00 -1.53964161e-02
 1.03703704e+00 3.45450442e-02
 1.03903904e+00 1.74111018e-02
 1.04104104e+00 -2.40109721e-02
 1.04304304e+00 -2.86108141e-02
 1.04504505e+00 -1.49218972e-02
 1.04704705e+00 -4.45149650e-02
 1.04904905e+00 -5.91581273e-02
 1.05105105e+00 -6.16189760e-02
 1.05305305e+00 -6.56973188e-02
 1.05505506e+00 -7.70850816e-02
 1.05705706e+00 -4.13633189e-02
 1.05905906e+00 -8.37930600e-02
 1.06106106e+00 -4.70104215e-02
 1.06306306e+00 -6.03511619e-02
 1.06506507e+00 -6.05659241e-02
 1.06706707e+00 -8.21368016e-02
 1.06906907e+00 -1.00359676e-01
 1.07107107e+00 -7.41290669e-02
 1.07307307e+00 -6.84590524e-02
 1.07507508e+00 -5.82010406e-02
 1.07707708e+00 -4.59731716e-02
 1.07907908e+00 -8.01448954e-02
 1.08108108e+00 -1.18500712e-02
 1.08308308e+00 -2.97908589e-02
 1.08508509e+00 -6.23772126e-03
 1.08708709e+00 -1.74893480e-02
 1.08908909e+00 -2.56537022e-02
 1.09109109e+00 -1.39456223e-02
 1.09309309e+00 -3.45840637e-03
 1.09509510e+00 7.53890647e-03
 1.09709710e+00 -2.51176627e-02
 1.09909910e+00 -2.33762136e-02
 1.10110110e+00 -7.07379008e-02
 1.10310310e+00 -9.12596153e-02
 1.10510511e+00 -8.19485210e-02
 1.10710711e+00 -8.27364344e-02
 1.10910911e+00 -8.32228972e-02
 1.11111111e+00 -9.22731796e-02
 1.11311311e+00 -9.85215590e-02
 1.11511512e+00 -1.19788816e-01
 1.11711712e+00 -1.36075452e-01
 1.11911912e+00 -1.59744988e-01
 1.12112112e+00 -1.24092823e-01
 1.12312312e+00 -1.56354571e-01
 1.12512513e+00 -1.50540880e-01
 1.12712713e+00 -1.81096036e-01
 1.12912913e+00 -1.49701703e-01
 1.13113113e+00 -1.29152160e-01
 1.13313313e+00 -1.37932917e-01
 1.13513514e+00 -1.53699986e-01
 1.13713714e+00 -1.37129280e-01
 1.13913914e+00 -1.07542334e-01
 1.14114114e+00 -1.37023684e-01
 1.14314314e+00 -1.24822901e-01
 1.14514515e+00 -1.19212722e-01
 1.14714715e+00 -1.46772354e-01
 1.14914915e+00 -8.21080564e-02
 1.15115115e+00 -8.69021307e-02
 1.15315315e+00 -1.01314299e-01
 1.15515516e+00 1.49074220e-02
 1.15715716e+00 2.62488112e-02
 1.15915916e+00 2.74827875e-02
 1.16116116e+00 2.76456437e-02
 1.16316316e+00 -3.89654066e-02
 1.16516517e+00 -6.02869308e-02
 1.16716717e+00 -9.13204413e-02
 1.16916917e+00 -1.07538077e-01
 1.17117117e+00 -9.30202905e-02
 1.17317317e+00 -1.29922289e-01
 1.17517518e+00 -6.16431607e-02
 1.17717718e+00 -5.72895026e-02
 1.17917918e+00 -1.16868748e-01
 1.18118118e+00 -1.11235016e-01
 1.18318318e+00 -8.72873686e-02
 1.18518519e+00 -9.54634440e-02
 1.18718719e+00 -5.34738118e-02
 1.18918919e+00 -9.63968875e-02
 1.19119119e+00 -1.17358950e-01
 1.19319319e+00 -1.06789430e-01
 1.19519520e+00 -9.29460359e-02
 1.19719720e+00 -7.92492348e-02
 1.19919920e+00 8.23299150e-03
 1.20120120e+00 -1.42156715e-03
 1.20320320e+00 4.38341117e-03
 1.20520521e+00 1.29630743e-02
 1.20720721e+00 -7.74285850e-02
 1.20920921e+00 -7.40462456e-02
 1.21121121e+00 3.31728339e-02
 1.21321321e+00 9.32174908e-03
 1.21521522e+00 -1.38950649e-02
 1.21721722e+00 -5.70157593e-02
 1.21921922e+00 -5.69518682e-02
 1.22122122e+00 -8.34091345e-02
 1.22322322e+00 -7.20414338e-02
 1.22522523e+00 -8.41927140e-02
 1.22722723e+00 -8.52657650e-02
 1.22922923e+00 -8.64981797e-02
 1.23123123e+00 -1.05539506e-01
 1.23323323e+00 -9.71012882e-02
 1.23523524e+00 -8.37741731e-02
 1.23723724e+00 -1.26461377e-01
 1.23923924e+00 -1.89306146e-01
 1.24124124e+00 -6.14914773e-02
 1.24324324e+00 -5.79050018e-02
 1.24524525e+00 -1.55287376e-01
 1.24724725e+00 -1.24819144e-01
 1.24924925e+00 -1.15574008e-01
 1.25125125e+00 -1.41973703e-01
 1.25325325e+00 -1.17163522e-01
 1.25525526e+00 -1.27485363e-01
 1.25725726e+00 -1.74432467e-01
 1.25925926e+00 -1.18205402e-01
 1.26126126e+00 -4.89400286e-02
 1.26326326e+00 -4.82019643e-02
 1.26526527e+00 -1.25663491e-01
 1.26726727e+00 -3.39808404e-01
 1.26926927e+00 -3.90245636e-02
 1.27127127e+00 -8.03199611e-02
 1.27327327e+00 -2.94202663e-03
 1.27527528e+00 -1.21368039e-03
 1.27727728e+00 -4.24546237e-02
 1.27927928e+00 -7.13216835e-02
 1.28128128e+00 5.69765330e-03
 1.28328328e+00 -6.30844577e-02
 1.28528529e+00 -1.20507803e-01
 1.28728729e+00 -7.75510049e-02
 1.28928929e+00 -9.94313522e-02
 1.29129129e+00 -8.00885654e-02
 1.29329329e+00 -7.60337226e-02
 1.29529530e+00 -7.69282222e-02
 1.29729730e+00 -8.58015393e-02
 1.29929930e+00 -6.48483591e-02
 1.30130130e+00 -9.44142780e-02
 1.30330330e+00 -8.11670976e-02
 1.30530531e+00 -9.56894101e-02
 1.30730731e+00 -7.97815701e-02
 1.30930931e+00 -4.21549020e-02
 1.31131131e+00 -5.34785023e-02
 1.31331331e+00 -1.51566373e-02
 1.31531532e+00 -3.75691924e-02
 1.31731732e+00 -4.52877896e-02
 1.31931932e+00 -9.81120637e-02
 1.32132132e+00 -1.19516226e-02
 1.32332332e+00 -3.84747905e-02
 1.32532533e+00 -5.75078857e-02
 1.32732733e+00 -7.16384321e-02
 1.32932933e+00 2.60163831e-02
 1.33133133e+00 -3.38430570e-03
 1.33333333e+00 1.31839878e-02
 1.33533534e+00 -7.84020844e-02
 1.33733734e+00 -1.17697326e-02
 1.33933934e+00 -9.71879926e-03
 1.34134134e+00 -3.39701964e-02
 1.34334334e+00 -8.00267575e-02
 1.34534535e+00 -8.32679780e-02
 1.34734735e+00 -9.06606744e-02
 1.34934935e+00 -7.64482971e-02
 1.35135135e+00 -8.40067950e-02
 1.35335335e+00 -9.12426052e-02
 1.35535536e+00 -1.14813695e-01
 1.35735736e+00 -1.26857587e-01
 1.35935936e+00 -1.20124688e-01
 1.36136136e+00 -8.90532043e-02
 1.36336336e+00 -9.27766703e-02
 1.36536537e+00 -1.13090001e-01
 1.36736737e+00 -1.24054400e-01
 1.36936937e+00 -1.22466736e-01
 1.37137137e+00 -1.20531606e-01
 1.37337337e+00 -1.76016379e-01
 1.37537538e+00 -2.09807879e-01
 1.37737738e+00 -1.13839556e-01
 1.37937938e+00 -9.70130609e-02
 1.38138138e+00 -9.45647272e-02
 1.38338338e+00 -1.09750936e-01
 1.38538539e+00 -1.24567107e-01
 1.38738739e+00 -1.05959828e-01
 1.38938939e+00 -1.38147085e-01
 1.39139139e+00 -1.18204286e-01
 1.39339339e+00 -7.74455822e-02
 1.39539540e+00 -6.90182199e-02
 1.39739740e+00 -2.04524103e-02
 1.39939940e+00 -7.22965196e-02
 1.40140140e+00 -6.57183242e-02
 1.40340340e+00 -5.83078439e-02
 1.40540541e+00 -5.87856155e-02
 1.40740741e+00 -5.08434343e-02
 1.40940941e+00 -8.73629313e-02
 1.41141141e+00 -7.86903637e-02
 1.41341341e+00 -7.01788959e-02
 1.41541542e+00 -7.29015965e-02
 1.41741742e+00 -3.71375807e-02
 1.41941942e+00 -7.47816155e-02
 1.42142142e+00 -5.37184504e-02
 1.42342342e+00 -5.97258610e-02
 1.42542543e+00 -2.69795670e-02
 1.42742743e+00 -4.02216704e-02
 1.42942943e+00 -5.65707606e-02
 1.43143143e+00 -5.55086675e-03
 1.43343343e+00 -6.02657458e-02
 1.43543544e+00 -7.81209641e-02
 1.43743744e+00 -4.01794345e-02
 1.43943944e+00 -2.46865095e-02
 1.44144144e+00 -5.11930731e-02
 1.44344344e+00 -6.52043060e-02
 1.44544545e+00 -5.16683254e-02
 1.44744745e+00 1.57535139e-02
 1.44944945e+00 1.68209170e-02
 1.45145145e+00 -3.66568393e-03
 1.45345345e+00 -8.62923865e-02
 1.45545546e+00 -3.87458227e-02
 1.45745746e+00 -9.39338510e-02
 1.45945946e+00 -8.65195802e-02
 1.46146146e+00 -5.79047118e-02
 1.46346346e+00 -3.45636663e-02
 1.46546547e+00 -8.15051557e-02
 1.46746747e+00 -4.44272568e-02
 1.46946947e+00 -8.87724658e-02
 1.47147147e+00 -6.45613040e-02
 1.47347347e+00 -1.07880276e-01
 1.47547548e+00 -1.15533848e-01
 1.47747748e+00 -1.04807769e-01
 1.47947948e+00 -1.10477358e-01
 1.48148148e+00 -1.26560093e-01
 1.48348348e+00 -1.25385253e-01
 1.48548549e+00 -1.01769247e-01
 1.48748749e+00 -1.14496301e-01
 1.48948949e+00 -1.27385822e-01
 1.49149149e+00 -1.48159192e-01
 1.49349349e+00 -9.94533871e-02
 1.49549550e+00 -7.67608337e-02
 1.49749750e+00 -8.68044593e-02
 1.49949950e+00 -8.61812683e-02
 1.50150150e+00 -8.58352370e-02
 1.50350350e+00 -7.96424173e-02
 1.50550551e+00 -5.03232062e-02
 1.50750751e+00 -7.05501628e-02
 1.50950951e+00 -1.01200577e-01
 1.51151151e+00 -8.32566701e-02
 1.51351351e+00 -8.44247820e-02
 1.51551552e+00 -5.20145213e-02
 1.51751752e+00 -2.00716083e-02
 1.51951952e+00 -7.87582094e-02
 1.52152152e+00 -3.84390287e-02
 1.52352352e+00 -2.40417252e-02
 1.52552553e+00 -4.71821803e-02
 1.52752753e+00 -6.03833487e-02
 1.52952953e+00 -9.74779484e-02
 1.53153153e+00 -8.61776566e-02
 1.53353353e+00 -9.27033653e-02
 1.53553554e+00 -6.53205676e-02
 1.53753754e+00 -5.02611618e-02
 1.53953954e+00 -1.07604509e-01
 1.54154154e+00 -9.57903112e-02
 1.54354354e+00 -9.21801487e-02
 1.54554555e+00 -8.94763981e-02
 1.54754755e+00 -9.37514109e-02
 1.54954955e+00 -8.47384740e-02
 1.55155155e+00 -1.05270154e-01
 1.55355355e+00 -4.28181540e-02
 1.55555556e+00 -4.65132710e-02
 1.55755756e+00 -1.16439975e-02
 1.55955956e+00 -9.55388121e-02
 1.56156156e+00 -4.21973156e-02
 1.56356356e+00 -6.05005230e-02
 1.56556557e+00 3.43135798e-02
 1.56756757e+00 -1.18665760e-02
 1.56956957e+00 -3.63747476e-02
 1.57157157e+00 2.20644092e-02
 1.57357357e+00 -7.39499073e-02
 1.57557558e+00 -7.89334412e-02
 1.57757758e+00 -6.34561053e-02
 1.57957958e+00 -7.30904158e-02
 1.58158158e+00 -8.71919207e-02
 1.58358358e+00 -9.75977384e-02
 1.58558559e+00 -1.09736035e-01
 1.58758759e+00 -1.46627817e-01
 1.58958959e+00 -1.23395159e-01
 1.59159159e+00 -1.15776908e-01
 1.59359359e+00 -1.62017622e-01
 1.59559560e+00 -1.55637326e-01
 1.59759760e+00 -1.33260424e-01
 1.59959960e+00 -1.14023026e-01
 1.60160160e+00 -1.39222492e-01
 1.60360360e+00 -1.30662949e-01
 1.60560561e+00 -1.35106804e-01
 1.60760761e+00 -1.58042692e-01
 1.60960961e+00 -1.50199273e-01
 1.61161161e+00 -1.20021706e-01
 1.61361361e+00 -1.09757130e-01
 1.61561562e+00 -1.12533895e-01
 1.61761762e+00 -3.31855267e-01
 1.61961962e+00 -3.48863121e-01
 1.62162162e+00 -1.23104215e-01
 1.62362362e+00 -8.50687065e-02
 1.62562563e+00 -3.34680929e-01
 1.62762763e+00 -1.17549883e-01
 1.62962963e+00 -6.08486209e-02
 1.63163163e+00 -2.34540802e-02
 1.63363363e+00 -8.57399352e-02
 1.63563564e+00 -6.64911625e-02
 1.63763764e+00 -6.78582729e-02
 1.63963964e+00 -7.58401930e-02
 1.64164164e+00 -1.08273794e-01
 1.64364364e+00 -1.05586037e-01
 1.64564565e+00 -8.38090403e-02
 1.64764765e+00 -8.19460555e-02
 1.64964965e+00 -8.22444726e-02
 1.65165165e+00 -1.13143491e-01
 1.65365365e+00 -9.47678698e-02
 1.65565566e+00 -9.28309256e-02
 1.65765766e+00 -7.27141448e-02
 1.65965966e+00 -7.62733630e-02
 1.66166166e+00 -9.02809398e-02
 1.66366366e+00 -2.47609012e-02
 1.66566567e+00 -7.58151023e-02
 1.66766767e+00 -8.75455501e-02
 1.66966967e+00 -5.80955690e-02
 1.67167167e+00 -8.28680715e-02
 1.67367367e+00 -8.15242954e-02
 1.67567568e+00 -2.67473471e-02
 1.67767768e+00 -3.33315801e-02
 1.67967968e+00 1.04609208e-01
 1.68168168e+00 6.01717896e-02
 1.68368368e+00 -6.02005753e-02
 1.68568569e+00 -2.59125177e-02
 1.68768769e+00 -8.08528619e-02
 1.68968969e+00 -8.35578519e-02
 1.69169169e+00 -8.50037939e-02
 1.69369369e+00 -8.31505777e-02
 1.69569570e+00 -5.36575216e-02
 1.69769770e+00 -8.20217723e-02
 1.69969970e+00 -4.21306504e-02
 1.70170170e+00 -9.46150076e-02
 1.70370370e+00 -1.73842028e-01
 1.70570571e+00 -1.29252194e-01
 1.70770771e+00 -1.15315217e-01
 1.70970971e+00 -9.69918860e-02
 1.71171171e+00 -8.50645502e-02
 1.71371371e+00 -1.80892705e-01
 1.71571572e+00 -1.80730157e-01
 1.71771772e+00 -1.78889108e-01
 1.71971972e+00 -1.83984988e-01
 1.72172172e+00 -1.77071162e-01
 1.72372372e+00 -1.79316206e-01
 1.72572573e+00 -2.55750701e-01
 1.72772773e+00 -1.41162523e-01
 1.72972973e+00 -1.48794958e-01
 1.73173173e+00 -1.40530777e-01
 1.73373373e+00 -4.10258687e-01
 1.73573574e+00 -2.23701663e-01
 1.73773774e+00 -4.77102429e-01
 1.73973974e+00 -2.26923202e-01
 1.74174174e+00 -1.05554416e-01
 1.74374374e+00 -4.63578439e-02
 1.74574575e+00 -5.40799922e-02
 1.74774775e+00 -6.65038858e-02
 1.74974975e+00 -8.88171847e-02
 1.75175175e+00 -1.14431635e-01
 1.75375375e+00 -1.17638993e-01
 1.75575576e+00 -1.17873949e-01
 1.75775776e+00 -1.41833618e-01
 1.75975976e+00 -1.19919130e-01
 1.76176176e+00 -1.24535517e-01
 1.76376376e+00 -1.09667965e-01
 1.76576577e+00 -1.17310850e-01
 1.76776777e+00 -1.56848556e-01
 1.76976977e+00 -1.35694340e-01
 1.77177177e+00 -1.49473243e-01
 1.77377377e+00 -1.17683384e-01
 1.77577578e+00 -1.31768657e-01
 1.77777778e+00 -1.20043456e-01
 1.77977978e+00 -9.72682812e-02
 1.78178178e+00 -1.09068883e-01
 1.78378378e+00 -1.13733356e-01
 1.78578579e+00 -8.93416236e-02
 1.78778779e+00 -4.29826531e-02
 1.78978979e+00 -8.00949242e-02
 1.79179179e+00 1.30559070e-03
 1.79379379e+00 7.47222889e-02
 1.79579580e+00 5.54751302e-02
 1.79779780e+00 -2.58718218e-02
 1.79979980e+00 -2.75423028e-02
 1.80180180e+00 -1.05768053e-02
 1.80380380e+00 -1.21298806e-02
 1.80580581e+00 -6.72027849e-02
 1.80780781e+00 -5.14436709e-02
 1.80980981e+00 -4.70531780e-02
 1.81181181e+00 -4.88644249e-02
 1.81381381e+00 -4.56242322e-02
 1.81581582e+00 -6.06641844e-02
 1.81781782e+00 -1.13113852e-01
 1.81981982e+00 -1.58151716e-01
 1.82182182e+00 -1.62901691e-01
 1.82382382e+00 -1.60786721e-01
 1.82582583e+00 -1.86629181e-01
 1.82782783e+00 -1.61792970e-01
 1.82982983e+00 -1.58627241e-01
 1.83183183e+00 -1.68329310e-01
 1.83383383e+00 -1.49343475e-01
 1.83583584e+00 -1.39338104e-01
 1.83783784e+00 -2.05886882e-01
 1.83983984e+00 -2.07999995e-01
 1.84184184e+00 -1.32038712e-01
 1.84384384e+00 -1.18746784e-01
 1.84584585e+00 -1.06400873e-01
 1.84784785e+00 -1.55258992e-01
 1.84984985e+00 -1.57412230e-01
 1.85185185e+00 -1.18489445e-01
 1.85385385e+00 -1.28102469e-01
 1.85585586e+00 -1.05208699e-01
 1.85785786e+00 -8.86246965e-02
 1.85985986e+00 -3.36066947e-02
 1.86186186e+00 -8.78735522e-02
 1.86386386e+00 -8.04494429e-02
 1.86586587e+00 -6.78164383e-02
 1.86786787e+00 -1.10969756e-01
 1.86986987e+00 -8.68211116e-02
 1.87187187e+00 -1.21495357e-01
 1.87387387e+00 -1.15986222e-01
 1.87587588e+00 -1.48773740e-01
 1.87787788e+00 -1.13224773e-01
 1.87987988e+00 -1.30766045e-01
 1.88188188e+00 -1.31078746e-01
 1.88388388e+00 -1.16135719e-01
 1.88588589e+00 -1.35392584e-01
 1.88788789e+00 -1.19911697e-01
 1.88988989e+00 -1.45724813e-01
 1.89189189e+00 -1.03595023e-01
 1.89389389e+00 -1.48869271e-01
 1.89589590e+00 -1.01186333e-01
 1.89789790e+00 -1.24554991e-01
 1.89989990e+00 -6.19455376e-02
 1.90190190e+00 -1.43276057e-01
 1.90390390e+00 -1.12610778e-01
 1.90590591e+00 -2.07449751e-02
 1.90790791e+00 -1.57330848e-02
 1.90990991e+00 4.76303930e-02
 1.91191191e+00 2.38632900e-02
 1.91391391e+00 -3.33589349e-02
 1.91591592e+00 -3.01894951e-02
 1.91791792e+00 -6.56284964e-02
 1.91991992e+00 -8.36439708e-02
 1.92192192e+00 -8.30411991e-02
 1.92392392e+00 -6.81393298e-02
 1.92592593e+00 -4.99675425e-02
 1.92792793e+00 -6.01280756e-02
 1.92992993e+00 -7.07043067e-02
 1.93193193e+00 -9.46605399e-02
 1.93393393e+00 -1.47699169e-01
 1.93593594e+00 -1.60962449e-01
 1.93793794e+00 -1.56138531e-01
 1.93993994e+00 -1.66655917e-01
 1.94194194e+00 -1.57291646e-01
 1.94394394e+00 -1.45507038e-01
 1.94594595e+00 -1.53561132e-01
 1.94794795e+00 -1.68588513e-01
 1.94994995e+00 -1.46660679e-01
 1.95195195e+00 -1.68978605e-01
 1.95395395e+00 -1.72426047e-01
 1.95595596e+00 -2.02048596e-01
 1.95795796e+00 -1.32555632e-01
 1.95995996e+00 -1.46336404e-01
 1.96196196e+00 -1.23172635e-01
 1.96396396e+00 -1.39436698e-01
 1.96596597e+00 -1.00255317e-01
 1.96796797e+00 -7.65405943e-02
 1.96996997e+00 -5.16016094e-02
 1.97197197e+00 -6.66923943e-02
 1.97397397e+00 -9.09721224e-02
 1.97597598e+00 -8.51012390e-02
 1.97797798e+00 -4.68046736e-02
 1.97997998e+00 -8.22114251e-02
 1.98198198e+00 -1.24378803e-01
 1.98398398e+00 -8.33257948e-02
 1.98598599e+00 -1.06141470e-01
 1.98798799e+00 -1.26273614e-01
 1.98998999e+00 -1.30122924e-01
 1.99199199e+00 -1.20353509e-01
 1.99399399e+00 -1.12031220e-01
 1.99599600e+00 -1.23811921e-01
 1.99799800e+00 -1.03221721e-01
 2.00000000e+00 -6.28676159e-02
