 0.00000000e+00 3.16272966e-01
 2.00200200e-03 3.28083990e-01
 4.00400400e-03 3.21522310e-01
 6.00600601e-03 2.88713911e-01
 8.00800801e-03 2.42782152e-01
 1.00100100e-02 2.13910761e-01
 1.20120120e-02 1.98162730e-01
 1.40140140e-02 1.48293963e-01
 1.60160160e-02 1.01049869e-01
 1.80180180e-02 5.38057743e-02
 2.00200200e-02 1.70603675e-02
 2.20220220e-02 -1.31233596e-02
 2.40240240e-02 -5.51181102e-02
 2.60260260e-02 -7.08661417e-02
 2.80280280e-02 -8.92388451e-02
 3.00300300e-02 -9.05511811e-02
 3.20320320e-02 -1.33858268e-01
 3.40340340e-02 -1.43044619e-01
 3.60360360e-02 -1.66666667e-01
 3.80380380e-02 -1.65354331e-01
 4.00400400e-02 -1.74540682e-01
 4.20420420e-02 -2.00787402e-01
 4.40440440e-02 -1.94225722e-01
 4.60460460e-02 -2.03412073e-01
 4.80480480e-02 -2.02099738e-01
 5.00500501e-02 -1.88976378e-01
 5.20520521e-02 -2.06036745e-01
 5.40540541e-02 -1.99475066e-01
 5.60560561e-02 -1.86351706e-01
 5.80580581e-02 -1.94225722e-01
 6.00600601e-02 -1.82414698e-01
 6.20620621e-02 -1.60104987e-01
 6.40640641e-02 -1.70603675e-01
 6.60660661e-02 -1.85039370e-01
 6.80680681e-02 -1.98162730e-01
 7.00700701e-02 -1.99475066e-01
 7.20720721e-02 -2.13910761e-01
 7.40740741e-02 -2.06036745e-01
 7.60760761e-02 -2.06036745e-01
 7.80780781e-02 -2.04724409e-01
 8.00800801e-02 -2.09973753e-01
 8.20820821e-02 -2.36220472e-01
 8.40840841e-02 -2.40157480e-01
 8.60860861e-02 -2.48031496e-01
 8.80880881e-02 -2.62467192e-01
 9.00900901e-02 -2.83464567e-01
 9.20920921e-02 -2.96587927e-01
 9.40940941e-02 -2.99212598e-01
 9.60960961e-02 -2.92650919e-01
 9.80980981e-02 -3.05774278e-01
 1.00100100e-01 -2.83464567e-01
 1.02102102e-01 -2.63779528e-01
 1.04104104e-01 -2.50656168e-01
 1.06106106e-01 -2.16535433e-01
 1.08108108e-01 -2.02099738e-01
 1.10110110e-01 -1.62729659e-01
 1.12112112e-01 -1.31233596e-01
 1.14114114e-01 -1.12860892e-01
 1.16116116e-01 -9.71128609e-02
 1.18118118e-01 -4.59317585e-02
 1.20120120e-01 -4.72440945e-02
 1.22122122e-01 -2.49343832e-02
 1.24124124e-01 -1.31233596e-02
 1.26126126e-01 3.93700787e-03
 1.28128128e-01 1.57480315e-02
 1.30130130e-01 1.57480315e-02
 1.32132132e-01 1.70603675e-02
 1.34134134e-01 -1.83727034e-02
 1.36136136e-01 -1.31233596e-02
 1.38138138e-01 -3.01837270e-02
 1.40140140e-01 -3.93700787e-02
 1.42142142e-01 -7.48031496e-02
 1.44144144e-01 -8.79265092e-02
 1.46146146e-01 -1.20734908e-01
 1.48148148e-01 -1.83727034e-01
 1.50150150e-01 -2.07349081e-01
 1.52152152e-01 -2.37532808e-01
 1.54154154e-01 -2.79527559e-01
 1.56156156e-01 -2.84776903e-01
 1.58158158e-01 -3.13648294e-01
 1.60160160e-01 -3.11023622e-01
 1.62162162e-01 -3.24146982e-01
 1.64164164e-01 -3.38582677e-01
 1.66166166e-01 -3.24146982e-01
 1.68168168e-01 -2.97900262e-01
 1.70170170e-01 -2.76902887e-01
 1.72172172e-01 -2.16535433e-01
 1.74174174e-01 -1.99475066e-01
 1.76176176e-01 -1.46981627e-01
 1.78178178e-01 -9.84251969e-02
 1.80180180e-01 -6.29921260e-02
 1.82182182e-01 -1.83727034e-02
 1.84184184e-01 1.96850394e-02
 1.86186186e-01 8.53018373e-02
 1.88188188e-01 1.16797900e-01
 1.90190190e-01 1.85039370e-01
 1.92192192e-01 2.41469816e-01
 1.94194194e-01 2.82152231e-01
 1.96196196e-01 3.21522310e-01
 1.98198198e-01 3.49081365e-01
 2.00200200e-01 3.64829396e-01
 2.02202202e-01 3.79265092e-01
 2.04204204e-01 3.74015748e-01
 2.06206206e-01 3.71391076e-01
 2.08208208e-01 3.89763780e-01
 2.10210210e-01 3.49081365e-01
 2.12212212e-01 3.54330709e-01
 2.14214214e-01 3.33333333e-01
 2.16216216e-01 3.20209974e-01
 2.18218218e-01 3.05774278e-01
 2.20220220e-01 3.03149606e-01
 2.22222222e-01 2.76902887e-01
 2.24224224e-01 2.53280840e-01
 2.26226226e-01 2.34908136e-01
 2.28228228e-01 1.96850394e-01
 2.30230230e-01 1.96850394e-01
 2.32232232e-01 1.70603675e-01
 2.34234234e-01 1.40419948e-01
 2.36236236e-01 1.20734908e-01
 2.38238238e-01 9.31758530e-02
 2.40240240e-01 5.11811024e-02
 2.42242242e-01 3.28083990e-02
 2.44244244e-01 1.57480315e-02
 2.46246246e-01 5.24934383e-03
 2.48248248e-01 0.00000000e+00
 2.50250250e-01 1.31233596e-03
 2.52252252e-01 -3.93700787e-02
 2.54254254e-01 -3.01837270e-02
 2.56256256e-01 -3.41207349e-02
 2.58258258e-01 -4.59317585e-02
 2.60260260e-01 -1.96850394e-02
 2.62262262e-01 -1.04986877e-02
 2.64264264e-01 -6.56167979e-03
 2.66266266e-01 -2.62467192e-03
 2.68268268e-01 1.18110236e-02
 2.70270270e-01 3.41207349e-02
 2.72272272e-01 4.72440945e-02
 2.74274274e-01 9.84251969e-02
 2.76276276e-01 1.44356955e-01
 2.78278278e-01 1.74540682e-01
 2.80280280e-01 2.15223097e-01
 2.82282282e-01 2.46719160e-01
 2.84284284e-01 3.22834646e-01
 2.86286286e-01 3.77952756e-01
 2.88288288e-01 3.62204724e-01
 2.90290290e-01 4.09448819e-01
 2.92292292e-01 4.19947507e-01
 2.94294294e-01 4.64566929e-01
 2.96296296e-01 4.92125984e-01
 2.98298298e-01 4.88188976e-01
 3.00300300e-01 5.00000000e-01
 3.02302302e-01 4.81627297e-01
 3.04304304e-01 4.64566929e-01
 3.06306306e-01 4.58005249e-01
 3.08308308e-01 4.47506562e-01
 3.10310310e-01 4.31758530e-01
 3.12312312e-01 4.13385827e-01
 3.14314314e-01 3.98950131e-01
 3.16316316e-01 3.56955381e-01
 3.18318318e-01 2.95275591e-01
 3.20320320e-01 2.61154856e-01
 3.22322322e-01 1.94225722e-01
 3.24324324e-01 1.32545932e-01
 3.26326326e-01 4.72440945e-02
 3.28328328e-01 -3.41207349e-02
 3.30330330e-01 -1.16797900e-01
 3.32332332e-01 -1.95538058e-01
 3.34334334e-01 -2.65091864e-01
 3.36336336e-01 -3.21522310e-01
 3.38338338e-01 -3.74015748e-01
 3.40340340e-01 -4.40944882e-01
 3.42342342e-01 -4.81627297e-01
 3.44344344e-01 -5.14435696e-01
 3.46346346e-01 -5.17060367e-01
 3.48348348e-01 -5.47244094e-01
 3.50350350e-01 -5.35433071e-01
 3.52352352e-01 -5.44619423e-01
 3.54354354e-01 -5.31496063e-01
 3.56356356e-01 -4.88188976e-01
 3.58358358e-01 -4.81627297e-01
 3.60360360e-01 -4.63254593e-01
 3.62362362e-01 -4.39632546e-01
 3.64364364e-01 -3.93700787e-01
 3.66366366e-01 -3.53018373e-01
 3.68368368e-01 -2.83464567e-01
 3.70370370e-01 -2.17847769e-01
 3.72372372e-01 -1.86351706e-01
 3.74374374e-01 -1.28608924e-01
 3.76376376e-01 -9.05511811e-02
 3.78378378e-01 -6.03674541e-02
 3.80380380e-01 -3.54330709e-02
 3.82382382e-01 0.00000000e+00
 3.84384384e-01 4.85564304e-02
 3.86386386e-01 7.34908136e-02
 3.88388388e-01 9.71128609e-02
 3.90390390e-01 1.01049869e-01
 3.92392392e-01 1.14173228e-01
 3.94394394e-01 9.97375328e-02
 3.96396396e-01 9.44881890e-02
 3.98398398e-01 8.66141732e-02
 4.00400400e-01 4.59317585e-02
 4.02402402e-01 2.75590551e-02
 4.04404404e-01 7.87401575e-03
 4.06406406e-01 -1.31233596e-02
 4.08408408e-01 -4.19947507e-02
 4.10410410e-01 -7.08661417e-02
 4.12412412e-01 -1.18110236e-01
 4.14414414e-01 -1.52230971e-01
 4.16416416e-01 -1.82414698e-01
 4.18418418e-01 -2.12598425e-01
 4.20420420e-01 -2.44094488e-01
 4.22422422e-01 -2.97900262e-01
 4.24424424e-01 -3.34645669e-01
 4.26426426e-01 -3.50393701e-01
 4.28428428e-01 -3.71391076e-01
 4.30430430e-01 -3.98950131e-01
 4.32432432e-01 -4.02887139e-01
 4.34434434e-01 -4.09448819e-01
 4.36436436e-01 -3.97637795e-01
 4.38438438e-01 -3.67454068e-01
 4.40440440e-01 -3.54330709e-01
 4.42442442e-01 -3.17585302e-01
 4.44444444e-01 -2.69028871e-01
 4.46446446e-01 -2.00787402e-01
 4.48448448e-01 -1.45669291e-01
 4.50450450e-01 -7.61154856e-02
 4.52452452e-01 -1.04986877e-02
 4.54454454e-01 4.46194226e-02
 4.56456456e-01 1.01049869e-01
 4.58458458e-01 1.45669291e-01
 4.60460460e-01 1.92913386e-01
 4.62462462e-01 2.33595801e-01
 4.64464464e-01 2.79527559e-01
 4.66466466e-01 3.13648294e-01
 4.68468468e-01 3.37270341e-01
 4.70470470e-01 3.56955381e-01
 4.72472472e-01 3.67454068e-01
 4.74474474e-01 3.77952756e-01
 4.76476476e-01 3.68766404e-01
 4.78478478e-01 3.42519685e-01
 4.80480480e-01 3.34645669e-01
 4.82482482e-01 2.76902887e-01
 4.84484484e-01 2.42782152e-01
 4.86486486e-01 1.71916010e-01
 4.88488488e-01 1.71916010e-01
 4.90490490e-01 1.15485564e-01
 4.92492492e-01 6.03674541e-02
 4.94494494e-01 4.85564304e-02
 4.96496496e-01 -3.93700787e-03
 4.98498498e-01 -2.88713911e-02
 5.00500501e-01 -5.24934383e-02
 5.02502503e-01 -7.74278215e-02
 5.04504505e-01 -8.53018373e-02
 5.06506507e-01 -8.53018373e-02
 5.08508509e-01 -8.39895013e-02
 5.10510511e-01 -1.08923885e-01
 5.12512513e-01 -1.08923885e-01
 5.14514515e-01 -1.10236220e-01
 5.16516517e-01 -1.20734908e-01
 5.18518519e-01 -1.25984252e-01
 5.20520521e-01 -1.06299213e-01
 5.22522523e-01 -1.07611549e-01
 5.24524525e-01 -1.08923885e-01
 5.26526527e-01 -9.71128609e-02
 5.28528529e-01 -6.43044619e-02
 5.30530531e-01 -6.82414698e-02
 5.32532533e-01 -6.43044619e-02
 5.34534535e-01 -5.24934383e-02
 5.36536537e-01 -5.24934383e-02
 5.38538539e-01 -2.36220472e-02
 5.40540541e-01 -1.04986877e-02
 5.42542543e-01 1.57480315e-02
 5.44544545e-01 4.46194226e-02
 5.46546547e-01 8.39895013e-02
 5.48548549e-01 1.29921260e-01
 5.50550551e-01 1.37795276e-01
 5.52552553e-01 1.88976378e-01
 5.54554555e-01 2.29658793e-01
 5.56556557e-01 2.33595801e-01
 5.58558559e-01 2.49343832e-01
 5.60560561e-01 2.46719160e-01
 5.62562563e-01 2.61154856e-01
 5.64564565e-01 2.45406824e-01
 5.66566567e-01 2.93963255e-01
 5.68568569e-01 2.84776903e-01
 5.70570571e-01 2.88713911e-01
 5.72572573e-01 2.88713911e-01
 5.74574575e-01 2.90026247e-01
 5.76576577e-01 2.63779528e-01
 5.78578579e-01 2.46719160e-01
 5.80580581e-01 2.29658793e-01
 5.82582583e-01 2.23097113e-01
 5.84584585e-01 1.91601050e-01
 5.86586587e-01 1.78477690e-01
 5.88588589e-01 1.52230971e-01
 5.90590591e-01 1.31233596e-01
 5.92592593e-01 1.32545932e-01
 5.94594595e-01 9.97375328e-02
 5.96596597e-01 7.61154856e-02
 5.98598599e-01 5.24934383e-02
 6.00600601e-01 1.31233596e-03
 6.02602603e-01 -1.83727034e-02
 6.04604605e-01 -2.49343832e-02
 6.06606607e-01 -6.03674541e-02
 6.08608609e-01 -8.39895013e-02
 6.10610611e-01 -1.36482940e-01
 6.12612613e-01 -1.45669291e-01
 6.14614615e-01 -1.69291339e-01
 6.16616617e-01 -1.81102362e-01
 6.18618619e-01 -1.62729659e-01
 6.20620621e-01 -1.77165354e-01
 6.22622623e-01 -1.69291339e-01
 6.24624625e-01 -1.66666667e-01
 6.26626627e-01 -1.28608924e-01
 6.28628629e-01 -1.24671916e-01
 6.30630631e-01 -6.43044619e-02
 6.32632633e-01 -5.64304462e-02
 6.34634635e-01 -1.96850394e-02
 6.36636637e-01 2.62467192e-02
 6.38638639e-01 4.33070866e-02
 6.40640641e-01 8.00524934e-02
 6.42642643e-01 8.79265092e-02
 6.44644645e-01 1.11548556e-01
 6.46646647e-01 1.29921260e-01
 6.48648649e-01 1.48293963e-01
 6.50650651e-01 1.81102362e-01
 6.52652653e-01 2.15223097e-01
 6.54654655e-01 2.63779528e-01
 6.56656657e-01 2.90026247e-01
 6.58658659e-01 2.92650919e-01
 6.60660661e-01 2.88713911e-01
 6.62662663e-01 2.90026247e-01
 6.64664665e-01 2.62467192e-01
 6.66666667e-01 2.04724409e-01
 6.68668669e-01 1.79790026e-01
 6.70670671e-01 1.29921260e-01
 6.72672673e-01 1.16797900e-01
 6.74674675e-01 9.44881890e-02
 6.76676677e-01 7.21784777e-02
 6.78678679e-01 5.90551181e-02
 6.80680681e-01 7.87401575e-03
 6.82682683e-01 -6.56167979e-03
 6.84684685e-01 -4.19947507e-02
 6.86686687e-01 -8.26771654e-02
 6.88688689e-01 -1.10236220e-01
 6.90690691e-01 -1.49606299e-01
 6.92692693e-01 -1.77165354e-01
 6.94694695e-01 -2.21784777e-01
 6.96696697e-01 -2.44094488e-01
 6.98698699e-01 -2.66404199e-01
 7.00700701e-01 -2.82152231e-01
 7.02702703e-01 -2.91338583e-01
 7.04704705e-01 -3.16272966e-01
 7.06706707e-01 -3.34645669e-01
 7.08708709e-01 -3.59580052e-01
 7.10710711e-01 -3.46456693e-01
 7.12712713e-01 -3.17585302e-01
 7.14714715e-01 -3.32020997e-01
 7.16716717e-01 -3.26771654e-01
 7.18718719e-01 -2.90026247e-01
 7.20720721e-01 -2.70341207e-01
 7.22722723e-01 -2.71653543e-01
 7.24724725e-01 -2.50656168e-01
 7.26726727e-01 -2.29658793e-01
 7.28728729e-01 -2.11286089e-01
 7.30730731e-01 -1.99475066e-01
 7.32732733e-01 -1.62729659e-01
 7.34734735e-01 -1.67979003e-01
 7.36736737e-01 -1.61417323e-01
 7.38738739e-01 -1.37795276e-01
 7.40740741e-01 -1.45669291e-01
 7.42742743e-01 -1.36482940e-01
 7.44744745e-01 -1.23359580e-01
 7.46746747e-01 -1.08923885e-01
 7.48748749e-01 -9.44881890e-02
 7.50750751e-01 -5.77427822e-02
 7.52752753e-01 -5.24934383e-02
 7.54754755e-01 -1.57480315e-02
 7.56756757e-01 3.93700787e-03
 7.58758759e-01 4.46194226e-02
 7.60760761e-01 8.39895013e-02
 7.62762763e-01 1.07611549e-01
 7.64764765e-01 1.12860892e-01
 7.66766767e-01 1.40419948e-01
 7.68768769e-01 1.64041995e-01
 7.70770771e-01 1.95538058e-01
 7.72772773e-01 1.95538058e-01
 7.74774775e-01 2.13910761e-01
 7.76776777e-01 2.20472441e-01
 7.78778779e-01 2.28346457e-01
 7.80780781e-01 2.24409449e-01
 7.82782783e-01 2.23097113e-01
 7.84784785e-01 2.08661417e-01
 7.86786787e-01 1.65354331e-01
 7.88788789e-01 1.48293963e-01
 7.90790791e-01 1.37795276e-01
 7.92792793e-01 9.18635171e-02
 7.94794795e-01 5.64304462e-02
 7.96796797e-01 2.49343832e-02
 7.98798799e-01 3.93700787e-03
 8.00800801e-01 -3.93700787e-02
 8.02802803e-01 -6.82414698e-02
 8.04804805e-01 -8.79265092e-02
 8.06806807e-01 -1.16797900e-01
 8.08808809e-01 -1.56167979e-01
 8.10810811e-01 -1.88976378e-01
 8.12812813e-01 -2.23097113e-01
 8.14814815e-01 -2.30971129e-01
 8.16816817e-01 -2.55905512e-01
 8.18818819e-01 -2.69028871e-01
 8.20820821e-01 -2.86089239e-01
 8.22822823e-01 -3.00524934e-01
 8.24824825e-01 -3.34645669e-01
 8.26826827e-01 -3.38582677e-01
 8.28828829e-01 -3.45144357e-01
 8.30830831e-01 -3.62204724e-01
 8.32832833e-01 -3.56955381e-01
 8.34834835e-01 -3.74015748e-01
 8.36836837e-01 -3.64829396e-01
 8.38838839e-01 -3.63517060e-01
 8.40840841e-01 -3.38582677e-01
 8.42842843e-01 -3.24146982e-01
 8.44844845e-01 -3.05774278e-01
 8.46846847e-01 -2.74278215e-01
 8.48848849e-01 -2.51968504e-01
 8.50850851e-01 -2.07349081e-01
 8.52852853e-01 -1.74540682e-01
 8.54854855e-01 -1.40419948e-01
 8.56856857e-01 -1.18110236e-01
 8.58858859e-01 -5.38057743e-02
 8.60860861e-01 1.31233596e-03
 8.62862863e-01 1.57480315e-02
 8.64864865e-01 5.51181102e-02
 8.66866867e-01 1.07611549e-01
 8.68868869e-01 1.52230971e-01
 8.70870871e-01 1.49606299e-01
 8.72872873e-01 1.75853018e-01
 8.74874875e-01 1.79790026e-01
 8.76876877e-01 1.73228346e-01
 8.78878879e-01 1.62729659e-01
 8.80880881e-01 1.53543307e-01
 8.82882883e-01 1.60104987e-01
 8.84884885e-01 1.54855643e-01
 8.86886887e-01 1.64041995e-01
 8.88888889e-01 1.60104987e-01
 8.90890891e-01 1.49606299e-01
 8.92892893e-01 1.48293963e-01
 8.94894895e-01 1.66666667e-01
 8.96896897e-01 1.33858268e-01
 8.98898899e-01 1.25984252e-01
 9.00900901e-01 1.07611549e-01
 9.02902903e-01 9.71128609e-02
 9.04904905e-01 1.06299213e-01
 9.06906907e-01 8.53018373e-02
 9.08908909e-01 8.39895013e-02
 9.10910911e-01 8.39895013e-02
 9.12912913e-01 8.92388451e-02
 9.14914915e-01 9.71128609e-02
 9.16916917e-01 8.92388451e-02
 9.18918919e-01 1.15485564e-01
 9.20920921e-01 1.40419948e-01
 9.22922923e-01 1.62729659e-01
 9.24924925e-01 2.04724409e-01
 9.26926927e-01 2.07349081e-01
 9.28928929e-01 2.11286089e-01
 9.30930931e-01 2.40157480e-01
 9.32932933e-01 2.54593176e-01
 9.34934935e-01 2.90026247e-01
 9.36936937e-01 3.09711286e-01
 9.38938939e-01 3.24146982e-01
 9.40940941e-01 3.37270341e-01
 9.42942943e-01 3.07086614e-01
 9.44944945e-01 2.79527559e-01
 9.46946947e-01 2.45406824e-01
 9.48948949e-01 2.07349081e-01
 9.50950951e-01 1.60104987e-01
 9.52952953e-01 1.31233596e-01
 9.54954955e-01 8.92388451e-02
 9.56956957e-01 5.51181102e-02
 9.58958959e-01 5.24934383e-02
 9.60960961e-01 1.04986877e-02
 9.62962963e-01 1.31233596e-02
 9.64964965e-01 1.31233596e-03
 9.66966967e-01 1.18110236e-02
 9.68968969e-01 1.31233596e-03
 9.70970971e-01 1.04986877e-02
 9.72972973e-01 -1.31233596e-03
 9.74974975e-01 1.31233596e-03
 9.76976977e-01 -2.23097113e-02
 9.78978979e-01 -1.83727034e-02
 9.80980981e-01 -2.49343832e-02
 9.82982983e-01 -1.96850394e-02
 9.84984985e-01 -9.18635171e-03
 9.86986987e-01 1.96850394e-02
 9.88988989e-01 2.75590551e-02
 9.90990991e-01 3.28083990e-02
 9.92992993e-01 4.72440945e-02
 9.94994995e-01 5.11811024e-02
 9.96996997e-01 6.29921260e-02
 9.98998999e-01 6.95538058e-02
 1.00100100e+00 7.34908136e-02
 1.00300300e+00 9.31758530e-02
 1.00500501e+00 7.61154856e-02
 1.00700701e+00 8.00524934e-02
 1.00900901e+00 8.53018373e-02
 1.01101101e+00 8.79265092e-02
 1.01301301e+00 6.95538058e-02
 1.01501502e+00 7.08661417e-02
 1.01701702e+00 5.11811024e-02
 1.01901902e+00 2.75590551e-02
 1.02102102e+00 4.06824147e-02
 1.02302302e+00 2.62467192e-03
 1.02502503e+00 -1.44356955e-02
 1.02702703e+00 -1.44356955e-02
 1.02902903e+00 -3.80577428e-02
 1.03103103e+00 -2.23097113e-02
 1.03303303e+00 -4.46194226e-02
 1.03503504e+00 -3.14960630e-02
 1.03703704e+00 -1.18110236e-02
 1.03903904e+00 7.87401575e-03
 1.04104104e+00 2.62467192e-02
 1.04304304e+00 1.70603675e-02
 1.04504505e+00 4.19947507e-02
 1.04704705e+00 6.56167979e-03
 1.04904905e+00 1.70603675e-02
 1.05105105e+00 1.31233596e-02
 1.05305305e+00 1.18110236e-02
 1.05505506e+00 1.57480315e-02
 1.05705706e+00 7.87401575e-03
 1.05905906e+00 3.14960630e-02
 1.06106106e+00 2.62467192e-02
 1.06306306e+00 4.85564304e-02
 1.06506507e+00 4.46194226e-02
 1.06706707e+00 4.85564304e-02
 1.06906907e+00 4.59317585e-02
 1.07107107e+00 3.67454068e-02
 1.07307307e+00 1.70603675e-02
 1.07507508e+00 9.18635171e-03
 1.07707708e+00 -2.49343832e-02
 1.07907908e+00 -3.14960630e-02
 1.08108108e+00 -4.72440945e-02
 1.08308308e+00 -5.77427822e-02
 1.08508509e+00 -7.21784777e-02
 1.08708709e+00 -1.04986877e-01
 1.08908909e+00 -8.79265092e-02
 1.09109109e+00 -1.03674541e-01
 1.09309309e+00 -1.07611549e-01
 1.09509510e+00 -9.18635171e-02
 1.09709710e+00 -9.05511811e-02
 1.09909910e+00 -7.61154856e-02
 1.10110110e+00 -8.00524934e-02
 1.10310310e+00 -1.02362205e-01
 1.10510511e+00 -9.58005249e-02
 1.10710711e+00 -1.11548556e-01
 1.10910911e+00 -1.06299213e-01
 1.11111111e+00 -8.79265092e-02
 1.11311311e+00 -7.48031496e-02
 1.11511512e+00 -5.90551181e-02
 1.11711712e+00 -5.11811024e-02
 1.11911912e+00 -4.06824147e-02
 1.12112112e+00 -1.18110236e-02
 1.12312312e+00 1.04986877e-02
 1.12512513e+00 3.93700787e-02
 1.12712713e+00 7.08661417e-02
 1.12912913e+00 9.71128609e-02
 1.13113113e+00 1.03674541e-01
 1.13313313e+00 1.28608924e-01
 1.13513514e+00 1.27296588e-01
 1.13713714e+00 1.39107612e-01
 1.13913914e+00 1.45669291e-01
 1.14114114e+00 1.46981627e-01
 1.14314314e+00 1.33858268e-01
 1.14514515e+00 1.33858268e-01
 1.14714715e+00 1.25984252e-01
 1.14914915e+00 8.92388451e-02
 1.15115115e+00 9.97375328e-02
 1.15315315e+00 7.87401575e-02
 1.15515516e+00 7.87401575e-02
 1.15715716e+00 3.54330709e-02
 1.15915916e+00 3.80577428e-02
 1.16116116e+00 1.18110236e-02
 1.16316316e+00 -5.24934383e-03
 1.16516517e+00 -2.23097113e-02
 1.16716717e+00 -4.46194226e-02
 1.16916917e+00 -5.90551181e-02
 1.17117117e+00 -7.21784777e-02
 1.17317317e+00 -1.12860892e-01
 1.17517518e+00 -1.37795276e-01
 1.17717718e+00 -2.02099738e-01
 1.17917918e+00 -2.08661417e-01
 1.18118118e+00 -2.42782152e-01
 1.18318318e+00 -2.51968504e-01
 1.18518519e+00 -2.82152231e-01
 1.18718719e+00 -2.74278215e-01
 1.18918919e+00 -3.01837270e-01
 1.19119119e+00 -2.90026247e-01
 1.19319319e+00 -2.55905512e-01
 1.19519520e+00 -2.71653543e-01
 1.19719720e+00 -2.40157480e-01
 1.19919920e+00 -2.15223097e-01
 1.20120120e+00 -2.04724409e-01
 1.20320320e+00 -1.85039370e-01
 1.20520521e+00 -1.66666667e-01
 1.20720721e+00 -1.57480315e-01
 1.20920921e+00 -1.44356955e-01
 1.21121121e+00 -1.25984252e-01
 1.21321321e+00 -1.22047244e-01
 1.21521522e+00 -1.10236220e-01
 1.21721722e+00 -1.01049869e-01
 1.21921922e+00 -9.31758530e-02
 1.22122122e+00 -7.87401575e-02
 1.22322322e+00 -7.61154856e-02
 1.22522523e+00 -7.48031496e-02
 1.22722723e+00 -8.00524934e-02
 1.22922923e+00 -7.87401575e-02
 1.23123123e+00 -6.69291339e-02
 1.23323323e+00 -7.21784777e-02
 1.23523524e+00 -7.08661417e-02
 1.23723724e+00 -7.61154856e-02
 1.23923924e+00 -7.74278215e-02
 1.24124124e+00 -7.61154856e-02
 1.24324324e+00 -5.11811024e-02
 1.24524525e+00 -6.82414698e-02
 1.24724725e+00 -4.33070866e-02
 1.24924925e+00 -4.59317585e-02
 1.25125125e+00 -2.49343832e-02
 1.25325325e+00 -2.62467192e-02
 1.25525526e+00 -1.04986877e-02
 1.25725726e+00 -1.31233596e-03
 1.25925926e+00 6.56167979e-03
 1.26126126e+00 1.44356955e-02
 1.26326326e+00 2.09973753e-02
 1.26526527e+00 3.28083990e-02
 1.26726727e+00 2.49343832e-02
 1.26926927e+00 2.88713911e-02
 1.27127127e+00 1.04986877e-02
 1.27327327e+00 1.31233596e-03
 1.27527528e+00 -1.04986877e-02
 1.27727728e+00 -4.19947507e-02
 1.27927928e+00 -4.59317585e-02
 1.28128128e+00 -5.51181102e-02
 1.28328328e+00 -4.85564304e-02
 1.28528529e+00 -5.24934383e-02
 1.28728729e+00 -6.03674541e-02
 1.28928929e+00 -4.59317585e-02
 1.29129129e+00 -4.98687664e-02
 1.29329329e+00 -3.67454068e-02
 1.29529530e+00 -4.19947507e-02
 1.29729730e+00 -4.06824147e-02
 1.29929930e+00 -2.62467192e-02
 1.30130130e+00 -1.96850394e-02
 1.30330330e+00 5.24934383e-03
 1.30530531e+00 1.18110236e-02
 1.30730731e+00 3.41207349e-02
 1.30930931e+00 7.61154856e-02
 1.31131131e+00 1.15485564e-01
 1.31331331e+00 1.48293963e-01
 1.31531532e+00 1.66666667e-01
 1.31731732e+00 1.96850394e-01
 1.31931932e+00 2.15223097e-01
 1.32132132e+00 2.15223097e-01
 1.32332332e+00 2.27034121e-01
 1.32532533e+00 2.54593176e-01
 1.32732733e+00 2.84776903e-01
 1.32932933e+00 2.86089239e-01
 1.33133133e+00 3.07086614e-01
 1.33333333e+00 2.92650919e-01
 1.33533534e+00 3.12335958e-01
 1.33733734e+00 2.84776903e-01
 1.33933934e+00 2.67716535e-01
 1.34134134e+00 2.37532808e-01
 1.34334334e+00 2.07349081e-01
 1.34534535e+00 1.66666667e-01
 1.34734735e+00 1.37795276e-01
 1.34934935e+00 8.79265092e-02
 1.35135135e+00 6.56167979e-02
 1.35335335e+00 4.46194226e-02
 1.35535536e+00 7.87401575e-03
 1.35735736e+00 2.62467192e-03
 1.35935936e+00 -3.41207349e-02
 1.36136136e+00 -7.48031496e-02
 1.36336336e+00 -9.05511811e-02
 1.36536537e+00 -1.22047244e-01
 1.36736737e+00 -1.35170604e-01
 1.36936937e+00 -1.65354331e-01
 1.37137137e+00 -1.87664042e-01
 1.37337337e+00 -1.85039370e-01
 1.37537538e+00 -2.04724409e-01
 1.37737738e+00 -2.12598425e-01
 1.37937938e+00 -2.15223097e-01
 1.38138138e+00 -1.99475066e-01
 1.38338338e+00 -1.96850394e-01
 1.38538539e+00 -1.78477690e-01
 1.38738739e+00 -1.49606299e-01
 1.38938939e+00 -1.48293963e-01
 1.39139139e+00 -1.22047244e-01
 1.39339339e+00 -1.06299213e-01
 1.39539540e+00 -6.69291339e-02
 1.39739740e+00 -4.46194226e-02
 1.39939940e+00 -7.87401575e-03
 1.40140140e+00 2.36220472e-02
 1.40340340e+00 6.69291339e-02
 1.40540541e+00 8.66141732e-02
 1.40740741e+00 1.28608924e-01
 1.40940941e+00 1.70603675e-01
 1.41141141e+00 1.95538058e-01
 1.41341341e+00 2.08661417e-01
 1.41541542e+00 2.25721785e-01
 1.41741742e+00 1.95538058e-01
 1.41941942e+00 1.92913386e-01
 1.42142142e+00 2.13910761e-01
 1.42342342e+00 2.00787402e-01
 1.42542543e+00 2.06036745e-01
 1.42742743e+00 2.08661417e-01
 1.42942943e+00 2.04724409e-01
 1.43143143e+00 2.06036745e-01
 1.43343343e+00 1.82414698e-01
 1.43543544e+00 1.69291339e-01
 1.43743744e+00 1.43044619e-01
 1.43943944e+00 9.97375328e-02
 1.44144144e+00 7.87401575e-02
 1.44344344e+00 5.24934383e-02
 1.44544545e+00 4.59317585e-02
 1.44744745e+00 2.23097113e-02
 1.44944945e+00 3.54330709e-02
 1.45145145e+00 7.87401575e-03
 1.45345345e+00 -2.62467192e-03
 1.45545546e+00 -7.87401575e-03
 1.45745746e+00 -1.70603675e-02
 1.45945946e+00 3.93700787e-03
 1.46146146e+00 -2.62467192e-03
 1.46346346e+00 1.44356955e-02
 1.46546547e+00 -1.31233596e-03
 1.46746747e+00 1.31233596e-03
 1.46946947e+00 9.18635171e-03
 1.47147147e+00 -1.83727034e-02
 1.47347347e+00 -3.14960630e-02
 1.47547548e+00 -4.06824147e-02
 1.47747748e+00 -6.56167979e-02
 1.47947948e+00 -6.69291339e-02
 1.48148148e+00 -7.21784777e-02
 1.48348348e+00 -7.74278215e-02
 1.48548549e+00 -6.43044619e-02
 1.48748749e+00 -6.95538058e-02
 1.48948949e+00 -5.77427822e-02
 1.49149149e+00 -5.38057743e-02
 1.49349349e+00 -4.85564304e-02
 1.49549550e+00 -4.06824147e-02
 1.49749750e+00 -4.85564304e-02
 1.49949950e+00 -2.75590551e-02
 1.50150150e+00 -3.54330709e-02
 1.50350350e+00 -2.88713911e-02
 1.50550551e+00 -1.57480315e-02
 1.50750751e+00 -1.96850394e-02
 1.50950951e+00 -1.96850394e-02
 1.51151151e+00 -7.87401575e-03
 1.51351351e+00 7.87401575e-03
 1.51551552e+00 1.57480315e-02
 1.51751752e+00 1.44356955e-02
 1.51951952e+00 5.24934383e-03
 1.52152152e+00 -6.56167979e-03
 1.52352352e+00 5.24934383e-03
 1.52552553e+00 3.93700787e-03
 1.52752753e+00 2.62467192e-03
 1.52952953e+00 -1.31233596e-03
 1.53153153e+00 -1.31233596e-02
 1.53353353e+00 -9.18635171e-03
 1.53553554e+00 2.62467192e-03
 1.53753754e+00 -9.18635171e-03
 1.53953954e+00 -1.83727034e-02
 1.54154154e+00 -2.62467192e-02
 1.54354354e+00 -2.09973753e-02
 1.54554555e+00 -2.09973753e-02
 1.54754755e+00 -1.83727034e-02
 1.54954955e+00 -2.23097113e-02
 1.55155155e+00 -2.23097113e-02
 1.55355355e+00 -1.57480315e-02
 1.55555556e+00 -2.23097113e-02
 1.55755756e+00 -2.09973753e-02
 1.55955956e+00 -1.57480315e-02
 1.56156156e+00 -3.54330709e-02
 1.56356356e+00 -2.88713911e-02
 1.56556557e+00 -4.72440945e-02
 1.56756757e+00 -5.77427822e-02
 1.56956957e+00 -6.43044619e-02
 1.57157157e+00 -6.16797900e-02
 1.57357357e+00 -8.13648294e-02
 1.57557558e+00 -8.66141732e-02
 1.57757758e+00 -8.13648294e-02
 1.57957958e+00 -8.79265092e-02
 1.58158158e+00 -1.03674541e-01
 1.58358358e+00 -8.92388451e-02
 1.58558559e+00 -1.06299213e-01
 1.58758759e+00 -1.06299213e-01
 1.58958959e+00 -1.08923885e-01
 1.59159159e+00 -8.66141732e-02
 1.59359359e+00 -9.18635171e-02
 1.59559560e+00 -8.79265092e-02
 1.59759760e+00 -8.00524934e-02
 1.59959960e+00 -8.53018373e-02
 1.60160160e+00 -5.38057743e-02
 1.60360360e+00 -5.90551181e-02
 1.60560561e+00 -6.03674541e-02
 1.60760761e+00 -3.54330709e-02
 1.60960961e+00 -5.24934383e-02
 1.61161161e+00 -3.28083990e-02
 1.61361361e+00 -3.67454068e-02
 1.61561562e+00 -2.09973753e-02
 1.61761762e+00 -2.36220472e-02
 1.61961962e+00 2.62467192e-03
 1.62162162e+00 0.00000000e+00
 1.62362362e+00 1.18110236e-02
 1.62562563e+00 3.93700787e-03
 1.62762763e+00 1.18110236e-02
 1.62962963e+00 6.56167979e-03
 1.63163163e+00 2.23097113e-02
 1.63363363e+00 4.19947507e-02
 1.63563564e+00 3.93700787e-02
 1.63763764e+00 4.59317585e-02
 1.63963964e+00 3.54330709e-02
 1.64164164e+00 3.93700787e-02
 1.64364364e+00 2.09973753e-02
 1.64564565e+00 2.49343832e-02
 1.64764765e+00 2.62467192e-02
 1.64964965e+00 1.70603675e-02
 1.65165165e+00 1.31233596e-02
 1.65365365e+00 9.18635171e-03
 1.65565566e+00 -1.31233596e-03
 1.65765766e+00 7.87401575e-03
 1.65965966e+00 1.96850394e-02
 1.66166166e+00 4.06824147e-02
 1.66366366e+00 4.46194226e-02
 1.66566567e+00 3.28083990e-02
 1.66766767e+00 3.67454068e-02
 1.66966967e+00 1.04986877e-02
 1.67167167e+00 1.57480315e-02
 1.67367367e+00 -1.31233596e-03
 1.67567568e+00 -7.87401575e-03
 1.67767768e+00 -1.31233596e-02
 1.67967968e+00 -2.75590551e-02
 1.68168168e+00 -4.59317585e-02
 1.68368368e+00 -7.34908136e-02
 1.68568569e+00 -9.31758530e-02
 1.68768769e+00 -1.14173228e-01
 1.68968969e+00 -1.35170604e-01
 1.69169169e+00 -1.45669291e-01
 1.69369369e+00 -1.52230971e-01
 1.69569570e+00 -1.40419948e-01
 1.69769770e+00 -1.31233596e-01
 1.69969970e+00 -1.41732283e-01
 1.70170170e+00 -1.14173228e-01
 1.70370370e+00 -1.06299213e-01
 1.70570571e+00 -8.53018373e-02
 1.70770771e+00 -7.61154856e-02
 1.70970971e+00 -7.08661417e-02
 1.71171171e+00 -5.11811024e-02
 1.71371371e+00 -3.80577428e-02
 1.71571572e+00 -1.96850394e-02
 1.71771772e+00 -1.70603675e-02
 1.71971972e+00 -2.88713911e-02
 1.72172172e+00 -6.56167979e-03
 1.72372372e+00 -1.18110236e-02
 1.72572573e+00 -6.56167979e-03
 1.72772773e+00 -1.04986877e-02
 1.72972973e+00 2.09973753e-02
 1.73173173e+00 1.96850394e-02
 1.73373373e+00 4.85564304e-02
 1.73573574e+00 5.38057743e-02
 1.73773774e+00 5.11811024e-02
 1.73973974e+00 6.56167979e-02
 1.74174174e+00 6.82414698e-02
 1.74374374e+00 5.38057743e-02
 1.74574575e+00 4.72440945e-02
 1.74774775e+00 3.93700787e-02
 1.74974975e+00 2.09973753e-02
 1.75175175e+00 1.70603675e-02
 1.75375375e+00 6.56167979e-03
 1.75575576e+00 -7.87401575e-03
 1.75775776e+00 -1.83727034e-02
 1.75975976e+00 -2.62467192e-03
 1.76176176e+00 -1.96850394e-02
 1.76376376e+00 3.93700787e-03
 1.76576577e+00 -1.18110236e-02
 1.76776777e+00 -1.70603675e-02
 1.76976977e+00 -1.04986877e-02
 1.77177177e+00 -1.18110236e-02
 1.77377377e+00 0.00000000e+00
 1.77577578e+00 3.01837270e-02
 1.77777778e+00 1.31233596e-02
 1.77977978e+00 4.06824147e-02
 1.78178178e+00 6.95538058e-02
 1.78378378e+00 6.56167979e-02
 1.78578579e+00 8.39895013e-02
 1.78778779e+00 1.18110236e-01
 1.78978979e+00 1.29921260e-01
 1.79179179e+00 1.49606299e-01
 1.79379379e+00 1.75853018e-01
 1.79579580e+00 1.78477690e-01
 1.79779780e+00 2.28346457e-01
 1.79979980e+00 2.67716535e-01
 1.80180180e+00 2.86089239e-01
 1.80380380e+00 3.29396325e-01
 1.80580581e+00 3.30708661e-01
 1.80780781e+00 3.24146982e-01
 1.80980981e+00 3.07086614e-01
 1.81181181e+00 3.04461942e-01
 1.81381381e+00 2.78215223e-01
 1.81581582e+00 2.33595801e-01
 1.81781782e+00 2.24409449e-01
 1.81981982e+00 1.87664042e-01
 1.82182182e+00 1.70603675e-01
 1.82382382e+00 1.36482940e-01
 1.82582583e+00 1.12860892e-01
 1.82782783e+00 7.74278215e-02
 1.82982983e+00 3.93700787e-02
 1.83183183e+00 1.44356955e-02
 1.83383383e+00 -2.23097113e-02
 1.83583584e+00 -6.16797900e-02
 1.83783784e+00 -9.18635171e-02
 1.83983984e+00 -1.20734908e-01
 1.84184184e+00 -1.45669291e-01
 1.84384384e+00 -1.73228346e-01
 1.84584585e+00 -1.82414698e-01
 1.84784785e+00 -2.03412073e-01
 1.84984985e+00 -2.45406824e-01
 1.85185185e+00 -2.69028871e-01
 1.85385385e+00 -2.78215223e-01
 1.85585586e+00 -3.01837270e-01
 1.85785786e+00 -2.95275591e-01
 1.85985986e+00 -2.93963255e-01
 1.86186186e+00 -2.66404199e-01
 1.86386386e+00 -2.76902887e-01
 1.86586587e+00 -2.57217848e-01
 1.86786787e+00 -1.99475066e-01
 1.86986987e+00 -1.78477690e-01
 1.87187187e+00 -1.41732283e-01
 1.87387387e+00 -1.28608924e-01
 1.87587588e+00 -9.97375328e-02
 1.87787788e+00 -8.53018373e-02
 1.87987988e+00 -7.34908136e-02
 1.88188188e+00 -4.19947507e-02
 1.88388388e+00 -3.54330709e-02
 1.88588589e+00 -2.49343832e-02
 1.88788789e+00 -5.24934383e-03
 1.88988989e+00 -9.18635171e-03
 1.89189189e+00 6.56167979e-03
 1.89389389e+00 2.62467192e-02
 1.89589590e+00 4.06824147e-02
 1.89789790e+00 2.75590551e-02
 1.89989990e+00 3.01837270e-02
 1.90190190e+00 2.09973753e-02
 1.90390390e+00 1.44356955e-02
 1.90590591e+00 4.19947507e-02
 1.90790791e+00 5.11811024e-02
 1.90990991e+00 4.46194226e-02
 1.91191191e+00 3.41207349e-02
 1.91391391e+00 3.41207349e-02
 1.91591592e+00 1.96850394e-02
 1.91791792e+00 4.06824147e-02
 1.91991992e+00 2.49343832e-02
 1.92192192e+00 3.41207349e-02
 1.92392392e+00 2.23097113e-02
 1.92592593e+00 1.04986877e-02
 1.92792793e+00 1.57480315e-02
 1.92992993e+00 1.31233596e-03
 1.93193193e+00 7.87401575e-03
 1.93393393e+00 -2.62467192e-03
 1.93593594e+00 1.04986877e-02
 1.93793794e+00 -1.31233596e-02
 1.93993994e+00 -6.56167979e-03
 1.94194194e+00 0.00000000e+00
 1.94394394e+00 -9.18635171e-03
 1.94594595e+00 1.31233596e-03
 1.94794795e+00 1.31233596e-03
 1.94994995e+00 2.62467192e-03
 1.95195195e+00 3.93700787e-03
 1.95395395e+00 2.23097113e-02
 1.95595596e+00 4.06824147e-02
 1.95795796e+00 4.72440945e-02
 1.95995996e+00 6.82414698e-02
 1.96196196e+00 5.77427822e-02
 1.96396396e+00 5.77427822e-02
 1.96596597e+00 4.72440945e-02
 1.96796797e+00 4.72440945e-02
 1.96996997e+00 3.54330709e-02
 1.97197197e+00 2.09973753e-02
 1.97397397e+00 1.18110236e-02
 1.97597598e+00 1.04986877e-02
 1.97797798e+00 2.62467192e-03
 1.97997998e+00 -9.18635171e-03
 1.98198198e+00 -2.09973753e-02
 1.98398398e+00 -3.01837270e-02
 1.98598599e+00 -5.11811024e-02
 1.98798799e+00 -5.51181102e-02
 1.98998999e+00 -7.74278215e-02
 1.99199199e+00 -7.48031496e-02
 1.99399399e+00 -6.82414698e-02
 1.99599600e+00 -6.56167979e-02
 1.99799800e+00 -7.34908136e-02
 2.00000000e+00 -7.61154856e-02
