 0.00000000e+00 -6.01813883e-03
 2.32558140e-02 -6.01813883e-03
 4.65116279e-02 6.20263458e-03
 6.97674419e-02 6.98570959e-02
 9.30232558e-02 1.18427284e-01
 1.16279070e-01 1.29507603e-01
 1.39534884e-01 1.19621268e-01
 1.62790698e-01 9.34465739e-02
 1.86046512e-01 5.31016847e-02
 2.09302326e-01 3.13769578e-02
 2.32558140e-01 6.30238317e-03
 2.55813953e-01 -4.29766778e-03
 2.79069767e-01 -2.29150932e-03
 3.02325581e-01 6.30238317e-03
 3.25581395e-01 6.30238317e-03
 3.48837209e-01 6.30238317e-03
 3.72093023e-01 6.30238317e-03
 3.95348837e-01 2.68365865e-02
 4.18604651e-01 2.68365865e-02
 4.41860465e-01 2.68365865e-02
 4.65116279e-01 2.68365865e-02
 4.88372093e-01 2.68365865e-02
 5.11627907e-01 4.45976991e-02
 5.34883721e-01 1.31157846e-01
 5.58139535e-01 4.00973620e-01
 5.81395349e-01 7.60348636e-01
 6.04651163e-01 1.00000000e+00
 6.27906977e-01 9.31060480e-01
 6.51162791e-01 6.06332996e-01
 6.74418605e-01 1.20487246e-01
 6.97674419e-01 -1.65020766e-01
 7.20930233e-01 -2.81176463e-01
 7.44186047e-01 -2.30848822e-01
 7.67441860e-01 -1.21145098e-01
 7.90697674e-01 -2.81809555e-02
 8.13953488e-01 -2.87873541e-04
 8.37209302e-01 6.30238317e-03
 8.60465116e-01 6.30238317e-03
 8.83720930e-01 2.19554250e-03
 9.06976744e-01 -6.01813883e-03
 9.30232558e-01 -6.01813883e-03
 9.53488372e-01 -6.01813883e-03
 9.76744186e-01 -6.01813883e-03
 1.00000000e+00 -6.01813883e-03
 1.02325581e+00 -6.01813883e-03
 1.04651163e+00 1.47671754e-03
 1.06976744e+00 6.30238317e-03
 1.09302326e+00 1.36991366e-02
 1.11627907e+00 3.35196240e-02
 1.13953488e+00 3.91571085e-02
 1.16279070e+00 4.85157662e-02
 1.18604651e+00 5.96913118e-02
 1.20930233e+00 7.37736896e-02
 1.23255814e+00 9.66528778e-02
 1.25581395e+00 9.66528778e-02
 1.27906977e+00 1.04866559e-01
 1.30232558e+00 1.08973400e-01
 1.32558140e+00 1.25400762e-01
 1.34883721e+00 1.57776410e-01
 1.37209302e+00 1.98979534e-01
 1.39534884e+00 2.27388353e-01
 1.41860465e+00 2.74720051e-01
 1.44186047e+00 3.17124375e-01
 1.46511628e+00 3.63587720e-01
 1.48837209e+00 4.17691146e-01
 1.51162791e+00 4.57334345e-01
 1.53488372e+00 4.94961810e-01
 1.55813953e+00 5.27093018e-01
 1.58139535e+00 5.48395550e-01
 1.60465116e+00 5.52502390e-01
 1.62790698e+00 5.52502390e-01
 1.65116279e+00 5.47919478e-01
 1.67441860e+00 5.39274270e-01
 1.69767442e+00 5.00070011e-01
 1.72093023e+00 4.47023545e-01
 1.74418605e+00 3.88045223e-01
 1.76744186e+00 3.26683850e-01
 1.79069767e+00 2.74586075e-01
 1.81395349e+00 2.24393044e-01
 1.83720930e+00 1.49131468e-01
 1.86046512e+00 1.08786305e-01
 1.88372093e+00 7.56539486e-02
 1.90697674e+00 5.53942346e-02
 1.93023256e+00 2.67006738e-02
 1.95348837e+00 6.30238317e-03
 1.97674419e+00 -6.01813883e-03
 2.00000000e+00 -6.01813883e-03
