 0.00000000e+00 3.37017545e-10
 2.35294118e-02 3.58081141e-09
 4.70588235e-02 1.31606516e-08
 7.05882353e-02 1.11066234e-08
 9.41176471e-02 1.20944736e-07
 1.17647059e-01 1.46585426e-06
 1.41176471e-01 7.71558382e-06
 1.64705882e-01 2.61007299e-05
 1.88235294e-01 6.63993761e-05
 2.11764706e-01 1.36265771e-04
 2.35294118e-01 2.34171843e-04
 2.58823529e-01 3.45996256e-04
 2.82352941e-01 4.50039404e-04
 3.05882353e-01 5.27509595e-04
 3.29411765e-01 5.70115791e-04
 3.52941176e-01 5.80954057e-04
 3.76470588e-01 5.70065357e-04
 4.00000000e-01 5.48396490e-04
 4.23529412e-01 5.24182980e-04
 4.47058824e-01 5.01543726e-04
 4.70588235e-01 4.81396918e-04
 4.94117647e-01 4.59690799e-04
 5.17647059e-01 4.60889700e-04
 5.41176471e-01 6.23930542e-04
 5.64705882e-01 1.21692523e-03
 5.88235294e-01 2.43297138e-03
 6.11764706e-01 4.11230675e-03
 6.35294118e-01 5.57232645e-03
 6.58823529e-01 6.08142189e-03
 6.82352941e-01 5.88281211e-03
 7.05882353e-01 6.48710452e-03
 7.29411765e-01 9.48928642e-03
 7.52941176e-01 1.55730501e-02
 7.76470588e-01 2.32202258e-02
 8.00000000e-01 3.01870658e-02
 8.23529412e-01 3.47608449e-02
 8.47058824e-01 3.67977988e-02
 8.70588235e-01 3.72865620e-02
 8.94117647e-01 3.72969845e-02
 9.17647059e-01 3.73693948e-02
 9.41176471e-01 3.76096164e-02
 9.64705882e-01 3.80658301e-02
 9.88235294e-01 3.92722265e-02
 1.01176471e+00 4.37199685e-02
 1.03529412e+00 5.89460804e-02
 1.05882353e+00 9.85237764e-02
 1.08235294e+00 1.72676688e-01
 1.10588235e+00 2.72844462e-01
 1.12941176e+00 3.67801859e-01
 1.15294118e+00 4.21874570e-01
 1.17647059e+00 4.30548154e-01
 1.20000000e+00 4.37591247e-01
 1.22352941e+00 5.01106103e-01
 1.24705882e+00 6.34548661e-01
 1.27058824e+00 7.94016267e-01
 1.29411765e+00 9.20658930e-01
 1.31764706e+00 9.87290713e-01
 1.34117647e+00 1.00634104e+00
 1.36470588e+00 1.00630401e+00
 1.38823529e+00 1.00571619e+00
 1.41176471e+00 1.00801821e+00
 1.43529412e+00 1.01046151e+00
 1.45882353e+00 1.01067601e+00
 1.48235294e+00 1.00768432e+00
 1.50588235e+00 1.00164533e+00
 1.52941176e+00 9.94065108e-01
 1.55294118e+00 9.87317246e-01
 1.57647059e+00 9.83208251e-01
 1.60000000e+00 9.81827933e-01
 1.62352941e+00 9.81959168e-01
 1.64705882e+00 9.82342850e-01
 1.67058824e+00 9.82403022e-01
 1.69411765e+00 9.82155275e-01
 1.71764706e+00 9.81718947e-01
 1.74117647e+00 9.80658351e-01
 1.76470588e+00 9.76438794e-01
 1.78823529e+00 9.61416672e-01
 1.81176471e+00 9.21930575e-01
 1.83529412e+00 8.47754314e-01
 1.85882353e+00 7.47632707e-01
 1.88235294e+00 6.53270745e-01
 1.90588235e+00 6.01118670e-01
 1.92941176e+00 5.96643237e-01
 1.95294118e+00 5.96999709e-01
 1.97647059e+00 5.44593523e-01
 2.00000000e+00 4.25850941e-01
