 0.00000000e+00 6.23482457e-11
 2.35294118e-02 1.26255198e-09
 4.70588235e-02 5.97926142e-09
 7.05882353e-02 9.14739708e-10
 9.41176471e-02 1.03654979e-07
 1.17647059e-01 1.51522435e-06
 1.41176471e-01 8.36458281e-06
 1.64705882e-01 2.86373991e-05
 1.88235294e-01 7.19258809e-05
 2.11764706e-01 1.41536715e-04
 2.35294118e-01 2.24448023e-04
 2.58823529e-01 2.91571988e-04
 2.82352941e-01 3.14233079e-04
 3.05882353e-01 2.83905083e-04
 3.29411765e-01 2.15821471e-04
 3.52941176e-01 1.37552688e-04
 3.76470588e-01 7.32315389e-05
 4.00000000e-01 3.33047640e-05
 4.23529412e-01 1.63428643e-05
 4.47058824e-01 1.32086092e-05
 4.70588235e-01 1.45152403e-05
 4.94117647e-01 7.14525367e-07
 5.17647059e-01 9.01441238e-05
 5.41176471e-01 8.09165932e-04
 5.64705882e-01 2.85802759e-03
 5.88235294e-01 6.07431315e-03
 6.11764706e-01 8.83837986e-03
 6.35294118e-01 8.32367878e-03
 6.58823529e-01 3.76217745e-03
 6.82352941e-01 2.27787418e-05
 7.05882353e-01 4.55393722e-03
 7.29411765e-01 1.89730312e-02
 7.52941176e-01 3.60158810e-02
 7.76470588e-01 4.52712813e-02
 8.00000000e-01 4.12436988e-02
 8.23529412e-01 2.70767736e-02
 8.47058824e-01 1.20588704e-02
 8.70588235e-01 2.89499339e-03
 8.94117647e-01 7.00660024e-05
 9.17647059e-01 4.57306422e-04
 9.41176471e-01 1.49403762e-03
 9.64705882e-01 2.84232167e-03
 9.88235294e-01 7.36631485e-03
 1.01176471e+00 2.66222046e-02
 1.03529412e+00 9.04528154e-02
 1.05882353e+00 2.34583866e-01
 1.08235294e+00 4.39201057e-01
 1.10588235e+00 5.93130775e-01
 1.12941176e+00 5.62221021e-01
 1.15294118e+00 3.20143756e-01
 1.17647059e+00 5.13639581e-02
 1.20000000e+00 4.17083236e-02
 1.22352941e+00 3.76022461e-01
 1.24705882e+00 7.89980656e-01
 1.27058824e+00 9.44138375e-01
 1.29411765e+00 7.50533729e-01
 1.31764706e+00 3.97318182e-01
 1.34117647e+00 1.18852261e-01
 1.36470588e+00 8.61913389e-03
 1.38823529e+00 4.84379433e-03
 1.41176471e+00 1.73901707e-02
 1.43529412e+00 1.44871016e-02
 1.45882353e+00 5.82375458e-03
 1.48235294e+00 1.26224015e-03
 1.50588235e+00 2.65068688e-04
 1.52941176e+00 3.96351254e-04
 1.55294118e+00 1.29635814e-03
 1.57647059e+00 2.75152425e-03
 1.60000000e+00 3.88738805e-03
 1.62352941e+00 3.67190193e-03
 1.64705882e+00 2.34146718e-03
 1.67058824e+00 8.13519421e-04
 1.69411765e+00 2.73791270e-05
 1.71764706e+00 2.59261209e-04
 1.74117647e+00 1.08758290e-03
 1.76470588e+00 1.64242979e-03
 1.78823529e+00 1.52185385e-03
 1.81176471e+00 8.26171171e-04
 1.83529412e+00 7.75922215e-05
 1.85882353e+00 4.10859536e-04
 1.88235294e+00 3.59820595e-03
 1.90588235e+00 1.14034745e-02
 1.92941176e+00 2.48693902e-02
 1.95294118e+00 4.38186373e-02
 1.97647059e+00 6.57778422e-02
 2.00000000e+00 8.70245731e-02
